0.0 , 0.0
0.002 , -0.01998901
0.003 , 0.01000977
0.005 , 0.01000977
0.006 , 0.02000427
0.008000001 , 0.02000427
0.009 , 0.0
0.011 , 0.02999878
0.012 , 0.04000854
0.014 , 0.04000854
0.015 , 0.04000854
0.017 , 0.05000305
0.018 , 0.08999634
0.019 , 0.1000061
0.021 , 0.1000061
0.022 , 0.1100006
0.023 , 0.07000732
0.025 , 0.07000732
0.026 , 0.1199951
0.028 , 0.1199951
0.029 , 0.0900116
0.031 , 0.06001282
0.032 , 0.05000305
0.033 , 0.07000732
0.035 , 0.05000305
0.036 , 0.01998901
0.038 , 0.05999756
0.039 , 0.07000732
0.041 , 0.02999878
0.042 , 0.009994507
0.044 , 0.009994507
0.045 , -0.02999878
0.047 , -0.02000427
0.048 , -0.02000427
0.05 , -0.05999756
0.051 , -0.05999756
0.053 , -0.1199951
0.054 , -0.1600037
0.055 , -0.1600037
0.057 , -0.1500092
0.058 , -0.1500092
0.06 , -0.1699982
0.061 , -0.1699982
0.062 , -0.1600037
0.06400001 , -0.2200012
0.065 , -0.25
0.06599999 , -0.2799988
0.06800001 , -0.2399902
0.069 , -0.2700043
0.07 , -0.3000031
0.072 , -0.3300018
0.073 , -0.3300018
0.074 , -0.3500061
0.076 , -0.3399963
0.077 , -0.3699951
0.078 , -0.3399963
0.08 , -0.3300018
0.081 , -0.3600006
0.08200001 , -0.3300018
0.084 , -0.4199982
0.085 , -0.4600067
0.086 , -0.4499969
0.088 , -0.4499969
0.089 , -0.4400024
0.09 , -0.4900055
0.092 , -0.4900055
0.093 , -0.480011
0.095 , -0.480011
0.096 , -0.5099945
0.09700001 , -0.5099945
0.099 , -0.5299988
0.1 , -0.5
0.101 , -0.5
0.102 , -0.5299988
0.103 , -0.519989
0.105 , -0.4899902
0.106 , -0.5099945
0.107 , -0.5500031
0.108 , -0.5099945
0.109 , -0.5400085
0.11 , -0.5700073
0.112 , -0.5400085
0.113 , -0.5299988
0.114 , -0.5999908
0.115 , -0.5599976
0.116 , -0.5500031
0.118 , -0.5500031
0.119 , -0.5800018
0.12 , -0.5800018
0.121 , -0.5400085
0.122 , -0.5400085
0.123 , -0.5899963
0.124 , -0.5899963
0.126 , -0.5599976
0.127 , -0.5599976
0.128 , -0.5800018
0.129 , -0.5700073
0.13 , -0.5700073
0.132 , -0.6000061
0.133 , -0.5599976
0.134 , -0.5899963
0.135 , -0.5899963
0.136 , -0.5800018
0.137 , -0.5800018
0.138 , -0.5800018
0.14 , -0.5700073
0.141 , -0.5700073
0.142 , -0.5700073
0.143 , -0.5999908
0.144 , -0.5599976
0.145 , -0.5599976
0.147 , -0.5899963
0.148 , -0.6200104
0.149 , -0.5799866
0.15 , -0.6100006
0.151 , -0.5799866
0.152 , -0.6100006
0.154 , -0.6000061
0.155 , -0.5699921
0.156 , -0.5900116
0.157 , -0.5900116
0.158 , -0.5900116
0.159 , -0.5900116
0.161 , -0.5499878
0.162 , -0.5800018
0.163 , -0.5700073
0.164 , -0.6100006
0.165 , -0.5700073
0.166 , -0.6000061
0.168 , -0.6200104
0.169 , -0.6000061
0.17 , -0.6100006
0.171 , -0.6100006
0.172 , -0.6100006
0.173 , -0.6300049
0.174 , -0.6300049
0.175 , -0.6000061
0.177 , -0.5900116
0.178 , -0.5900116
0.179 , -0.5900116
0.18 , -0.5800018
0.181 , -0.5800018
0.182 , -0.5800018
0.184 , -0.5700073
0.185 , -0.5700073
0.186 , -0.5599976
0.187 , -0.5899963
0.188 , -0.5899963
0.189 , -0.5899963
0.191 , -0.5800018
0.192 , -0.5800018
0.193 , -0.6100006
0.194 , -0.6100006
0.195 , -0.6399994
0.197 , -0.5999908
0.198 , -0.5599976
0.199 , -0.5999908
0.2 , -0.6199951
0.201 , -0.5500031
0.202 , -0.5500031
0.203 , -0.5400085
0.205 , -0.5800018
0.206 , -0.5299988
0.207 , -0.5299988
0.208 , -0.5699921
0.209 , -0.5699921
0.211 , -0.5200043
0.212 , -0.5599976
0.213 , -0.5800018
0.214 , -0.5500031
0.215 , -0.5100098
0.216 , -0.5
0.217 , -0.5
0.219 , -0.5
0.22 , -0.5299988
0.221 , -0.4600067
0.222 , -0.4900055
0.223 , -0.480011
0.224 , -0.4500122
0.225 , -0.480011
0.227 , -0.4700012
0.228 , -0.5099945
0.229 , -0.4700012
0.23 , -0.4600067
0.231 , -0.4600067
0.233 , -0.4499969
0.234 , -0.4899902
0.235 , -0.4499969
0.236 , -0.4499969
0.237 , -0.4100037
0.238 , -0.4400024
0.24 , -0.4300079
0.241 , -0.4000092
0.242 , -0.4300079
0.243 , -0.4199982
0.244 , -0.3899994
0.245 , -0.4199982
0.247 , -0.4499969
0.248 , -0.4100037
0.249 , -0.4499969
0.25 , -0.4400024
0.251 , -0.4000092
0.252 , -0.4400024
0.254 , -0.3899994
0.255 , -0.4299927
0.256 , -0.4299927
0.257 , -0.4499969
0.258 , -0.3800049
0.26 , -0.3700104
0.261 , -0.4100037
0.262 , -0.4100037
0.263 , -0.3999939
0.264 , -0.3999939
0.266 , -0.3999939
0.267 , -0.3899994
0.268 , -0.3899994
0.269 , -0.3899994
0.27 , -0.4099884
0.272 , -0.4099884
0.273 , -0.4400024
0.274 , -0.3999939
0.275 , -0.4599915
0.276 , -0.4400024
0.277 , -0.4300079
0.279 , -0.4300079
0.28 , -0.3799896
0.281 , -0.4199982
0.282 , -0.3799896
0.283 , -0.3699951
0.285 , -0.4299927
0.286 , -0.4100037
0.287 , -0.4199982
0.288 , -0.4000092
0.289 , -0.4199982
0.291 , -0.4400024
0.292 , -0.4099884
0.293 , -0.3999939
0.294 , -0.4300079
0.295 , -0.3999939
0.296 , -0.4300079
0.297 , -0.4200134
0.299 , -0.3899994
0.3 , -0.4100037
0.301 , -0.4100037
0.302 , -0.4499969
0.303 , -0.4400024
0.304 , -0.4000092
0.306 , -0.4400024
0.307 , -0.3900146
0.308 , -0.3900146
0.309 , -0.4600067
0.31 , -0.4499969
0.312 , -0.4199982
0.313 , -0.4400024
0.314 , -0.4100037
0.315 , -0.4400024
0.316 , -0.4400024
0.317 , -0.3600006
0.318 , -0.3999939
0.32 , -0.3899994
0.321 , -0.3500061
0.322 , -0.3500061
0.323 , -0.3899994
0.324 , -0.3800049
0.325 , -0.3800049
0.326 , -0.3800049
0.328 , -0.3699951
0.329 , -0.3999939
0.33 , -0.3899994
0.331 , -0.4299927
0.332 , -0.3899994
0.334 , -0.3800049
0.335 , -0.4199982
0.336 , -0.4199982
0.337 , -0.3699951
0.338 , -0.4099884
0.34 , -0.3600006
0.341 , -0.3999939
0.342 , -0.4199982
0.343 , -0.4199982
0.344 , -0.3899994
0.345 , -0.4100037
0.346 , -0.3899994
0.348 , -0.4499969
0.349 , -0.3999939
0.35 , -0.3899994
0.351 , -0.4400024
0.352 , -0.4400024
0.354 , -0.4299927
0.355 , -0.4499969
0.356 , -0.4299927
0.357 , -0.4400024
0.358 , -0.4199982
0.36 , -0.4100037
0.361 , -0.4100037
0.362 , -0.4100037
0.363 , -0.4100037
0.364 , -0.4199982
0.365 , -0.4199982
0.367 , -0.3899994
0.368 , -0.4400024
0.369 , -0.4100037
0.37 , -0.4300079
0.371 , -0.4700012
0.372 , -0.4700012
0.373 , -0.4700012
0.374 , -0.4599915
0.376 , -0.4199982
0.377 , -0.4100037
0.378 , -0.4499969
0.379 , -0.4100037
0.38 , -0.4400024
0.382 , -0.4400024
0.383 , -0.4400024
0.384 , -0.4499969
0.385 , -0.4299927
0.386 , -0.4499969
0.388 , -0.4199982
0.389 , -0.4900055
0.39 , -0.480011
0.391 , -0.4300079
0.392 , -0.4300079
0.394 , -0.4700012
0.395 , -0.4700012
0.396 , -0.4700012
0.397 , -0.4799957
0.398 , -0.4600067
0.399 , -0.4100037
0.4 , -0.4600067
0.401 , -0.4499969
0.403 , -0.4499969
0.404 , -0.4400024
0.405 , -0.4599915
0.406 , -0.4400024
0.407 , -0.4499969
0.409 , -0.4300079
0.41 , -0.4499969
0.411 , -0.4700012
0.412 , -0.4399872
0.413 , -0.4399872
0.415 , -0.4600067
0.416 , -0.4600067
0.417 , -0.4500122
0.418 , -0.4500122
0.419 , -0.4199982
0.42 , -0.4500122
0.421 , -0.5099945
0.423 , -0.4799957
0.424 , -0.4700012
0.425 , -0.4300079
0.426 , -0.4700012
0.427 , -0.4200134
0.428 , -0.4600067
0.429 , -0.4900055
0.431 , -0.5200043
0.432 , -0.4799957
0.433 , -0.4799957
0.434 , -0.4700012
0.435 , -0.4700012
0.436 , -0.4700012
0.438 , -0.5
0.439 , -0.5
0.44 , -0.4599915
0.441 , -0.4900055
0.442 , -0.4900055
0.443 , -0.4900055
0.444 , -0.4400024
0.446 , -0.480011
0.447 , -0.4299927
0.448 , -0.4700012
0.449 , -0.4700012
0.45 , -0.4700012
0.451 , -0.4799957
0.452 , -0.4600067
0.454 , -0.4500122
0.455 , -0.4700012
0.456 , -0.4700012
0.457 , -0.4400024
0.458 , -0.4899902
0.46 , -0.4599915
0.461 , -0.4300079
0.462 , -0.4499969
0.463 , -0.4499969
0.464 , -0.4700012
0.465 , -0.4400024
0.467 , -0.4599915
0.468 , -0.4299927
0.469 , -0.4299927
0.47 , -0.5
0.471 , -0.4199982
0.473 , -0.4900055
0.474 , -0.4400024
0.475 , -0.4400024
0.476 , -0.480011
0.477 , -0.480011
0.478 , -0.4299927
0.479 , -0.4700012
0.481 , -0.3899994
0.482 , -0.4600067
0.483 , -0.4600067
0.484 , -0.4499969
0.485 , -0.4499969
0.486 , -0.4099884
0.488 , -0.4400024
0.489 , -0.4400024
0.49 , -0.4400024
0.491 , -0.4300079
0.492 , -0.4600067
0.493 , -0.4300079
0.495 , -0.4499969
0.496 , -0.4199982
0.497 , -0.4199982
0.498 , -0.4100037
0.499 , -0.4400024
0.5 , -0.3699951
0.502 , -0.4000092
0.503 , -0.4300079
0.504 , -0.4199982
0.505 , -0.4199982
0.506 , -0.4199982
0.508 , -0.4100037
0.509 , -0.4499969
0.51 , -0.4499969
0.511 , -0.4400024
0.512 , -0.4000092
0.513 , -0.4000092
0.514 , -0.4299927
0.516 , -0.4299927
0.517 , -0.4299927
0.518 , -0.4199982
0.519 , -0.4199982
0.52 , -0.3800049
0.522 , -0.3699951
0.523 , -0.4299927
0.524 , -0.3999939
0.525 , -0.4199982
0.526 , -0.4199982
0.527 , -0.4199982
0.529 , -0.4600067
0.53 , -0.4100037
0.531 , -0.4499969
0.532 , -0.4499969
0.533 , -0.3999939
0.535 , -0.4400024
0.5440001 , -0.3600006
0.545 , -0.4300079
0.546 , -0.4100037
0.547 , -0.4100037
0.548 , -0.3500061
0.549 , -0.4000092
0.55 , -0.4200134
0.552 , -0.4100037
0.553 , -0.4400024
0.554 , -0.4100037
0.555 , -0.4300079
0.556 , -0.3800049
0.557 , -0.4300079
0.559 , -0.3700104
0.56 , -0.3900146
0.561 , -0.3600006
0.562 , -0.3600006
0.563 , -0.3800049
0.565 , -0.3500061
0.566 , -0.3700104
0.567 , -0.3700104
0.568 , -0.3899994
0.569 , -0.3600006
0.57 , -0.3899994
0.572 , -0.4199982
0.573 , -0.3800049
0.574 , -0.3800049
0.575 , -0.3700104
0.576 , -0.4100037
0.577 , -0.3700104
0.578 , -0.3300018
0.58 , -0.3999939
0.5809999 , -0.3500061
0.582 , -0.3500061
0.583 , -0.3500061
0.584 , -0.3500061
0.585 , -0.3400116
0.587 , -0.3100128
0.588 , -0.3300018
0.589 , -0.3699951
0.59 , -0.3699951
0.591 , -0.3600006
0.593 , -0.3800049
0.594 , -0.3800049
0.595 , -0.3700104
0.596 , -0.3500061
0.597 , -0.3700104
0.598 , -0.3399963
0.6 , -0.3399963
0.601 , -0.3500061
0.602 , -0.3500061
0.603 , -0.3300018
0.604 , -0.3300018
0.605 , -0.3899994
0.607 , -0.3899994
0.608 , -0.3300018
0.609 , -0.3300018
0.61 , -0.3300018
0.611 , -0.3200073
0.612 , -0.3700104
0.613 , -0.3899994
0.615 , -0.3600006
0.616 , -0.3600006
0.617 , -0.3099976
0.618 , -0.3699951
0.619 , -0.3699951
0.621 , -0.2900085
0.622 , -0.3400116
0.623 , -0.3400116
0.624 , -0.3400116
0.625 , -0.3300018
0.626 , -0.2799988
0.628 , -0.3200073
0.629 , -0.2700043
0.63 , -0.3200073
0.631 , -0.3200073
0.632 , -0.3100128
0.633 , -0.3100128
0.634 , -0.3300018
0.635 , -0.3199921
0.637 , -0.3000031
0.638 , -0.3099976
0.639 , -0.2900085
0.64 , -0.2900085
0.641 , -0.2900085
0.643 , -0.3000031
0.644 , -0.280014
0.645 , -0.2899933
0.646 , -0.2200012
0.647 , -0.2700043
0.648 , -0.2799988
0.649 , -0.3099976
0.651 , -0.3099976
0.652 , -0.2999878
0.653 , -0.2999878
0.654 , -0.2999878
0.656 , -0.2599945
0.657 , -0.2599945
0.658 , -0.3200073
0.659 , -0.3200073
0.66 , -0.25
0.661 , -0.25
0.662 , -0.3099976
0.664 , -0.269989
0.665 , -0.2299957
0.666 , -0.3000031
0.667 , -0.3200073
0.668 , -0.25
0.6690001 , -0.2900085
0.671 , -0.3100128
0.672 , -0.3000031
0.673 , -0.3499908
0.674 , -0.3000031
0.675 , -0.2900085
0.676 , -0.2700043
0.678 , -0.280014
0.679 , -0.2600098
0.68 , -0.280014
0.681 , -0.280014
0.682 , -0.2700043
0.683 , -0.2700043
0.685 , -0.1999969
0.686 , -0.2400055
0.687 , -0.2600098
0.688 , -0.25
0.689 , -0.25
0.69 , -0.2999878
0.692 , -0.2899933
0.693 , -0.2400055
0.694 , -0.3099976
0.695 , -0.2799988
0.696 , -0.3000031
0.698 , -0.2899933
0.699 , -0.2200012
0.7 , -0.269989
0.701 , -0.269989
0.702 , -0.2100067
0.703 , -0.2100067
0.704 , -0.2799988
0.7059999 , -0.25
0.707 , -0.2700043
0.708 , -0.2700043
0.709 , -0.2599945
0.71 , -0.2599945
0.712 , -0.3000031
0.713 , -0.25
0.714 , -0.25
0.715 , -0.2400055
0.716 , -0.2400055
0.717 , -0.2400055
0.718 , -0.2900085
0.72 , -0.2299957
0.721 , -0.2299957
0.722 , -0.2200012
0.723 , -0.1999969
0.724 , -0.1999969
0.726 , -0.1900024
0.727 , -0.2100067
0.728 , -0.2100067
0.729 , -0.2700043
0.73 , -0.2700043
0.731 , -0.2700043
0.732 , -0.2400055
0.734 , -0.2600098
0.735 , -0.25
0.736 , -0.25
0.737 , -0.25
0.738 , -0.25
0.739 , -0.2400055
0.74 , -0.1699982
0.742 , -0.1600037
0.743 , -0.1600037
0.744 , -0.1600037
0.745 , -0.1499939
0.746 , -0.1299896
0.748 , -0.08000183
0.749 , -0.1199951
0.75 , -0.07000732
0.751 , -0.1199951
0.753 , -0.1100006
0.754 , -0.06001282
0.755 , -0.05000305
0.756 , -0.02999878
0.758 , 0.01000977
0.759 , 0.05000305
0.76 , 0.05000305
0.762 , 0.07998657
0.763 , 0.1299896
0.764 , 0.1299896
0.766 , 0.1600037
0.767 , 0.1600037
0.768 , 0.1600037
0.769 , 0.1699982
0.77 , 0.2099915
0.771 , 0.2099915
0.773 , 0.2200012
0.774 , 0.2200012
0.775 , 0.3300018
0.776 , 0.2799988
0.777 , 0.2799988
0.778 , 0.3300018
0.78 , 0.3600006
0.781 , 0.3600006
0.782 , 0.3700104
0.783 , 0.3700104
0.784 , 0.3700104
0.785 , 0.4100037
0.787 , 0.4499969
0.788 , 0.4199982
0.789 , 0.4299927
0.79 , 0.4599915
0.791 , 0.4599915
0.793 , 0.5100098
0.7940001 , 0.4700012
0.795 , 0.4400024
0.796 , 0.4799957
0.797 , 0.5200043
0.798 , 0.4799957
0.8 , 0.5299988
0.801 , 0.5599976
0.802 , 0.5400085
0.803 , 0.5400085
0.804 , 0.5700073
0.805 , 0.5400085
0.8059999 , 0.5500031
0.808 , 0.5500031
0.809 , 0.5599976
0.81 , 0.5599976
0.811 , 0.4899902
0.812 , 0.5700073
0.814 , 0.5299988
0.815 , 0.5299988
0.816 , 0.5399933
0.817 , 0.5399933
0.818 , 0.5099945
0.82 , 0.5500031
0.821 , 0.5200043
0.822 , 0.4900055
0.823 , 0.5299988
0.824 , 0.5599976
0.825 , 0.4900055
0.826 , 0.5
0.828 , 0.5
0.829 , 0.4400024
0.83 , 0.4400024
0.8309999 , 0.4400024
0.832 , 0.5
0.833 , 0.5
0.834 , 0.5
0.8360001 , 0.5099945
0.837 , 0.4399872
0.838 , 0.5099945
0.8389999 , 0.4499969
0.84 , 0.4499969
0.842 , 0.4599915
0.843 , 0.4599915
0.844 , 0.4299927
0.8450001 , 0.4299927
0.846 , 0.3999939
0.847 , 0.3799896
0.849 , 0.4100037
0.85 , 0.3899994
0.851 , 0.3399963
0.852 , 0.3499908
0.853 , 0.3499908
0.854 , 0.3000031
0.856 , 0.3100128
0.857 , 0.3100128
0.858 , 0.3400116
0.859 , 0.3500061
0.86 , 0.2799988
0.861 , 0.2799988
0.863 , 0.2899933
0.864 , 0.2200012
0.865 , 0.2200012
0.866 , 0.230011
0.867 , 0.230011
0.8679999 , 0.230011
0.87 , 0.2200012
0.871 , 0.2200012
0.8719999 , 0.1699982
0.873 , 0.1799927
0.874 , 0.1799927
0.876 , 0.1699982
0.877 , 0.1500092
0.8780001 , 0.1699982
0.879 , 0.1600037
0.88 , 0.1600037
0.8809999 , 0.1600037
0.883 , 0.06999207
0.884 , 0.1699982
0.885 , 0.04998779
0.886 , 0.08000183
0.888 , 0.05999756
0.889 , 0.06999207
0.891 , 0.02999878
0.892 , 0.02999878
0.893 , 0.009994507
0.895 , 0.009994507
0.896 , 0.02000427
0.898 , 0.05000305
0.899 , 0.02999878
0.901 , 0.02999878
0.902 , 0.02999878
0.903 , 0.04000854
0.9049999 , 0.04000854
0.906 , 0.02999878
0.907 , 0.02999878
0.909 , -0.01000977
0.91 , -0.01000977
0.912 , -0.02999878
0.913 , -0.01998901
0.9139999 , -0.01998901
0.916 , -0.009994507
0.917 , -0.009994507
0.9190001 , 0.0
0.92 , 0.0
0.921 , 0.0
0.922 , 0.01998901
0.923 , 0.01000977
0.925 , -0.03999329
0.926 , -0.02999878
0.927 , -0.02999878
0.929 , 0.02999878
0.93 , -0.02000427
0.932 , -0.04000854
0.933 , -0.02999878
0.935 , -0.05000305
0.936 , 0.0
0.937 , -0.04000854
0.938 , -0.02000427
0.94 , -0.02999878
0.941 , -0.009994507
0.943 , 0.0
0.9440001 , 0.0
0.945 , 0.0
0.946 , 0.009994507
0.948 , -0.01000977
0.949 , 0.009994507
0.95 , 0.0
0.951 , 0.0
0.953 , 0.009994507
0.954 , -0.03999329
0.955 , -0.03999329
0.957 , -0.02999878
0.958 , -0.02999878
0.9599999 , 0.02999878
0.9610001 , 0.02999878
0.963 , -0.009994507
0.9639999 , -0.02999878
0.965 , -0.009994507
0.967 , 0.0
0.968 , 0.0
0.969 , -0.02000427
0.971 , -0.009994507
0.972 , -0.009994507
0.973 , 0.0
0.975 , -0.05000305
0.976 , 0.009994507
0.977 , 0.009994507
0.979 , 0.009994507
0.98 , 0.02000427
0.982 , 0.04000854
0.983 , -0.02000427
0.984 , 0.02999878
0.986 , -0.009994507
0.987 , 0.04000854
0.989 , -0.02999878
0.99 , 0.05000305
0.991 , 0.05000305
0.9929999 , 0.009994507
0.9940001 , 0.009994507
0.996 , 0.02000427
0.9969999 , 0.02000427
0.998 , 0.02000427
1.0 , 0.08000183
1.001 , 0.08000183
1.002 , 0.02999878
1.004 , 0.08999634
1.005 , 0.03999329
1.007 , 0.1000061
1.008 , 0.1000061
1.009 , 0.05000305
1.01 , 0.05999756
1.012 , 0.1100006
1.013 , 0.06999207
1.014 , 0.1199951
1.015 , 0.06999207
1.017 , 0.08000183
1.018 , 0.05999756
1.02 , 0.08999634
1.021 , 0.08999634
1.022 , 0.1600037
1.024 , 0.1500092
1.025 , 0.1500092
1.026 , 0.1500092
1.027 , 0.1600037
1.028 , 0.1100006
1.029 , 0.1100006
1.03 , 0.09999084
1.032 , 0.09999084
1.033 , 0.1300049
1.034 , 0.1300049
1.036 , 0.1300049
1.037 , 0.1399994
1.038 , 0.1399994
1.039 , 0.1399994
1.04 , 0.1499939
1.042 , 0.2200012
1.043 , 0.1600037
1.044 , 0.2100067
1.045 , 0.1600037
1.046 , 0.1600037
1.047 , 0.1699982
1.048 , 0.1699982
1.05 , 0.1799927
1.051 , 0.1799927
1.052 , 0.1799927
1.053 , 0.1699982
1.055 , 0.1900024
1.056 , 0.1699982
1.057 , 0.1799927
1.058 , 0.1799927
1.059 , 0.1799927
1.061 , 0.2099915
1.062 , 0.2099915
1.063 , 0.2200012
1.064 , 0.1999969
1.065 , 0.1600037
1.066 , 0.1999969
1.068 , 0.2099915
1.069 , 0.1699982
1.07 , 0.1800079
1.071 , 0.1800079
1.072 , 0.1500092
1.073 , 0.1900024
1.075 , 0.1600037
1.076 , 0.1900024
1.077 , 0.1999969
1.078 , 0.1999969
1.079 , 0.2399902
1.081 , 0.2100067
1.082 , 0.2100067
1.083 , 0.2200012
1.084 , 0.2200012
1.085 , 0.1900024
1.086 , 0.1900024
1.088 , 0.2299957
1.089 , 0.2299957
1.09 , 0.2100067
1.091 , 0.1900024
1.092 , 0.2100067
1.093 , 0.1999969
1.095 , 0.1999969
1.096 , 0.1999969
1.097 , 0.2099915
1.098 , 0.2099915
1.099 , 0.2299957
1.101 , 0.2400055
1.102 , 0.2200012
1.103 , 0.2200012
1.104 , 0.2299957
1.105 , 0.1799927
1.106 , 0.1799927
1.108 , 0.2400055
1.109 , 0.2400055
1.11 , 0.1999969
1.111 , 0.1999969
1.112 , 0.1999969
1.114 , 0.1900024
1.115 , 0.1900024
1.116 , 0.1900024
1.117 , 0.2000122
1.118 , 0.1600037
1.119 , 0.2000122
1.12 , 0.2100067
1.121 , 0.2100067
1.123 , 0.2100067
1.124 , 0.2200012
1.125 , 0.2200012
1.126 , 0.1799927
1.127 , 0.1600037
1.128 , 0.1600037
1.13 , 0.1999969
1.131 , 0.1699982
1.132 , 0.1499939
1.133 , 0.1999969
1.134 , 0.1599884
1.136 , 0.1799927
1.137 , 0.1900024
1.138 , 0.1699982
1.139 , 0.1900024
1.14 , 0.1999969
1.141 , 0.1799927
1.143 , 0.1799927
1.144 , 0.2099915
1.145 , 0.1899872
1.146 , 0.1899872
1.147 , 0.1500092
1.148 , 0.1999969
1.15 , 0.1600037
1.151 , 0.1600037
1.152 , 0.1600037
1.153 , 0.1600037
1.154 , 0.1500092
1.155 , 0.1500092
1.157 , 0.1600037
1.158 , 0.1600037
1.159 , 0.1600037
1.16 , 0.1699982
1.161 , 0.1299896
1.163 , 0.1699982
1.164 , 0.1399994
1.165 , 0.1399994
1.166 , 0.1399994
1.167 , 0.1499939
1.169 , 0.1199951
1.17 , 0.1100006
1.171 , 0.1100006
1.172 , 0.1299896
1.173 , 0.1299896
1.174 , 0.1399994
1.176 , 0.1200104
1.177 , 0.1499939
1.178 , 0.1300049
1.179 , 0.1300049
1.18 , 0.1300049
1.182 , 0.1399994
1.183 , 0.1399994
1.184 , 0.1500092
1.185 , 0.1500092
1.186 , 0.1500092
1.187 , 0.1600037
1.189 , 0.1100006
1.19 , 0.1100006
1.191 , 0.1000061
1.192 , 0.1200104
1.193 , 0.1000061
1.194 , 0.1300049
1.195 , 0.1100006
1.196 , 0.1300049
1.198 , 0.1199951
1.199 , 0.1399994
1.2 , 0.1199951
1.201 , 0.1300049
1.202 , 0.1500092
1.204 , 0.1399994
1.205 , 0.1600037
1.206 , 0.1000061
1.207 , 0.1100006
1.208 , 0.1499939
1.209 , 0.1499939
1.211 , 0.1200104
1.212 , 0.0900116
1.213 , 0.0900116
1.214 , 0.1000061
1.216 , 0.1000061
1.217 , 0.1399994
1.218 , 0.1100006
1.219 , 0.1399994
1.22 , 0.1399994
1.221 , 0.08000183
1.231 , 0.1100006
1.232 , 0.1500092
1.233 , 0.1100006
1.234 , 0.06999207
1.235 , 0.1199951
1.237 , 0.1300049
1.238 , 0.1700134
1.239 , 0.1300049
1.24 , 0.1300049
1.241 , 0.1399994
1.242 , 0.08999634
1.244 , 0.09999084
1.245 , 0.05999756
1.247 , 0.1600037
1.248 , 0.07000732
1.249 , 0.04000854
1.251 , 0.08000183
1.252 , 0.1199951
1.253 , 0.05000305
1.254 , 0.1299896
1.256 , 0.05999756
1.257 , 0.05999756
1.258 , 0.07000732
1.26 , 0.1000061
1.261 , 0.08000183
1.262 , 0.1100006
1.264 , 0.08999634
1.265 , 0.1199951
1.266 , 0.08999634
1.267 , 0.08999634
1.269 , 0.1000061
1.27 , 0.05999756
1.271 , 0.06999207
1.273 , 0.03999329
1.274 , 0.05000305
1.275 , 0.08000183
1.277 , 0.08000183
1.278 , 0.08999634
1.28 , 0.08999634
1.281 , 0.09999084
1.282 , 0.09999084
1.284 , 0.1100006
1.285 , 0.1100006
1.286 , 0.08000183
1.288 , 0.08999634
1.289 , 0.08999634
1.29 , 0.08999634
1.292 , 0.08000183
1.293 , 0.08000183
1.294 , 0.0900116
1.296 , 0.0900116
1.297 , 0.0900116
1.299 , 0.1000061
1.3 , 0.1199951
1.301 , 0.1100006
1.302 , 0.1299896
1.303 , 0.1299896
1.304 , 0.1200104
1.306 , 0.1399994
1.307 , 0.1200104
1.308 , 0.1300049
1.309 , 0.1300049
1.31 , 0.1300049
1.311 , 0.1399994
1.313 , 0.1399994
1.314 , 0.1500092
1.315 , 0.1000061
1.316 , 0.1000061
1.317 , 0.1000061
1.318 , 0.1100006
1.319 , 0.1100006
1.32 , 0.1100006
1.322 , 0.1200104
1.323 , 0.1200104
1.324 , 0.1300049
1.325 , 0.1300049
1.326 , 0.1100006
1.327 , 0.1300049
1.328 , 0.1199951
1.33 , 0.1199951
1.331 , 0.1300049
1.332 , 0.1300049
1.333 , 0.1500092
1.334 , 0.1300049
1.335 , 0.07000732
1.337 , 0.1000061
1.338 , 0.1499939
1.339 , 0.1499939
1.34 , 0.1499939
1.341 , 0.1200104
1.342 , 0.1200104
1.344 , 0.1200104
1.345 , 0.1300049
1.346 , 0.1300049
1.347 , 0.1300049
1.348 , 0.1799927
1.349 , 0.1799927
1.351 , 0.1200104
1.352 , 0.1500092
1.353 , 0.1200104
1.354 , 0.1500092
1.355 , 0.1300049
1.356 , 0.1300049
1.358 , 0.1400146
1.359 , 0.1400146
1.36 , 0.1700134
1.361 , 0.1500092
1.362 , 0.1100006
1.363 , 0.1800079
1.365 , 0.1600037
1.366 , 0.1600037
1.367 , 0.1199951
1.368 , 0.1300049
1.369 , 0.1700134
1.37 , 0.1000061
1.371 , 0.1100006
1.373 , 0.1100006
1.374 , 0.1399994
1.375 , 0.1499939
1.376 , 0.1199951
1.377 , 0.1900024
1.378 , 0.1600037
1.38 , 0.1300049
1.381 , 0.1699982
1.382 , 0.1699982
1.383 , 0.1699982
1.384 , 0.1699982
1.386 , 0.1499939
1.387 , 0.1799927
1.388 , 0.1600037
1.389 , 0.1600037
1.39 , 0.1600037
1.391 , 0.1699982
1.393 , 0.1499939
1.394 , 0.1999969
1.395 , 0.1599884
1.396 , 0.1799927
1.397 , 0.1599884
1.399 , 0.1699982
1.4 , 0.1900024
1.401 , 0.1799927
1.402 , 0.1399994
1.403 , 0.1999969
1.405 , 0.1900024
1.406 , 0.2100067
1.407 , 0.1900024
1.408 , 0.1600037
1.409 , 0.1600037
1.41 , 0.1600037
1.412 , 0.2099915
1.413 , 0.1699982
1.414 , 0.2099915
1.415 , 0.1800079
1.416 , 0.1800079
1.417 , 0.1500092
1.419 , 0.1199951
1.42 , 0.1600037
1.421 , 0.1600037
1.422 , 0.1999969
1.423 , 0.1999969
1.424 , 0.1699982
1.426 , 0.1800079
1.427 , 0.1800079
1.428 , 0.1900024
1.429 , 0.1900024
1.43 , 0.1499939
1.431 , 0.1499939
1.433 , 0.1599884
1.434 , 0.1599884
1.435 , 0.1699982
1.436 , 0.1699982
1.437 , 0.1399994
1.439 , 0.1799927
1.44 , 0.1799927
1.441 , 0.2200012
1.442 , 0.1400146
1.443 , 0.1600037
1.444 , 0.1900024
1.446 , 0.1999969
1.447 , 0.1999969
1.448 , 0.1799927
1.449 , 0.1799927
1.45 , 0.1600037
1.452 , 0.2200012
1.453 , 0.2200012
1.454 , 0.1900024
1.455 , 0.2299957
1.456 , 0.1999969
1.457 , 0.1999969
1.459 , 0.2099915
1.46 , 0.2099915
1.461 , 0.2099915
1.462 , 0.2200012
1.463 , 0.25
1.464 , 0.2200012
1.466 , 0.2100067
1.467 , 0.2299957
1.468 , 0.2399902
1.469 , 0.2399902
1.47 , 0.2399902
1.471 , 0.1799927
1.473 , 0.230011
1.474 , 0.230011
1.475 , 0.2400055
1.476 , 0.2400055
1.477 , 0.2400055
1.479 , 0.25
1.48 , 0.25
1.481 , 0.269989
1.482 , 0.2600098
1.483 , 0.2600098
1.484 , 0.2600098
1.486 , 0.2700043
1.487 , 0.2899933
1.488 , 0.2400055
1.489 , 0.2400055
1.49 , 0.2400055
1.491 , 0.280014
1.492 , 0.25
1.494 , 0.2900085
1.495 , 0.2599945
1.496 , 0.2599945
1.497 , 0.3000031
1.498 , 0.2599945
1.5 , 0.2700043
1.501 , 0.3100128
1.502 , 0.2799988
1.503 , 0.3200073
1.504 , 0.3200073
1.505 , 0.3300018
1.506 , 0.3300018
1.508 , 0.3499908
1.509 , 0.3600006
1.51 , 0.3400116
1.511 , 0.3400116
1.512 , 0.3699951
1.514 , 0.3099976
1.515 , 0.3600006
1.516 , 0.3799896
1.517 , 0.3799896
1.518 , 0.3600006
1.519 , 0.4199982
1.521 , 0.4199982
1.522 , 0.4700012
1.523 , 0.4700012
1.524 , 0.5
1.525 , 0.5100098
1.526 , 0.5100098
1.527 , 0.5500031
1.529 , 0.5599976
1.53 , 0.5599976
1.531 , 0.5599976
1.532 , 0.5899963
1.533 , 0.6199951
1.535 , 0.6700134
1.536 , 0.6300049
1.537 , 0.6700134
1.538 , 0.7000122
1.539 , 0.7100067
1.54 , 0.75
1.541 , 0.7700043
1.543 , 0.7799988
1.544 , 0.7799988
1.545 , 0.8400116
1.546 , 0.7900085
1.547 , 0.8600006
1.549 , 0.8699951
1.55 , 0.8699951
1.551 , 0.8500061
1.552 , 0.9099884
1.553 , 0.9099884
1.554 , 0.9099884
1.556 , 0.8899994
1.557 , 0.9600067
1.558 , 0.9600067
1.559 , 0.9299927
1.561 , 1.0
1.562 , 1.009995
1.563 , 1.009995
1.564 , 1.009995
1.565 , 1.020004
1.566 , 1.059998
1.568 , 0.9900055
1.569 , 1.069992
1.57 , 1.069992
1.571 , 1.069992
1.572 , 1.040009
1.573 , 1.080002
1.575 , 1.080002
1.576 , 1.020004
1.577 , 1.050003
1.578 , 1.050003
1.579 , 1.099991
1.58 , 1.059998
1.581 , 1.099991
1.583 , 1.110001
1.584 , 1.160004
1.585 , 1.110001
1.586 , 1.080002
1.587 , 1.119995
1.588 , 1.080002
1.59 , 1.089996
1.591 , 1.019989
1.592 , 1.070007
1.593 , 1.029999
1.594 , 1.070007
1.595 , 1.029999
1.597 , 1.039993
1.598 , 1.039993
1.599 , 1.049988
1.6 , 1.019989
1.601 , 1.019989
1.602 , 1.029999
1.604 , 1.029999
1.605 , 1.029999
1.606 , 0.9700012
1.607 , 1.020004
1.608 , 0.9700012
1.61 , 0.980011
1.611 , 0.9600067
1.612 , 0.9700012
1.613 , 0.9700012
1.614 , 0.9700012
1.615 , 0.9000092
1.616 , 0.9100037
1.618 , 0.9400024
1.619 , 0.9200134
1.62 , 0.9200134
1.621 , 0.8800049
1.622 , 0.8899994
1.624 , 0.8600006
1.625 , 0.8600006
1.626 , 0.8699951
1.627 , 0.8099976
1.628 , 0.7799988
1.629 , 0.7900085
1.631 , 0.7900085
1.632 , 0.7599945
1.633 , 0.7299957
1.634 , 0.7599945
1.635 , 0.7299957
1.637 , 0.7200012
1.638 , 0.6799927
1.639 , 0.75
1.64 , 0.730011
1.641 , 0.6900024
1.643 , 0.6999969
1.644 , 0.6699982
1.645 , 0.6999969
1.646 , 0.7099915
1.647 , 0.6799927
1.649 , 0.6900024
1.65 , 0.6500092
1.651 , 0.6199951
1.652 , 0.6199951
1.653 , 0.6299896
1.654 , 0.6100006
1.655 , 0.5699921
1.657 , 0.6200104
1.658 , 0.5800018
1.659 , 0.5599976
1.66 , 0.5899963
1.662 , 0.5599976
1.663 , 0.6399994
1.664 , 0.5299988
1.665 , 0.5299988
1.666 , 0.5800018
1.668 , 0.5100098
1.669 , 0.5200043
1.67 , 0.5500031
1.671 , 0.4799957
1.672 , 0.4799957
1.673 , 0.4899902
1.675 , 0.4899902
1.676 , 0.480011
1.677 , 0.5
1.678 , 0.4499969
1.679 , 0.4900055
1.681 , 0.4900055
1.682 , 0.4900055
1.683 , 0.5
1.684 , 0.5
1.685 , 0.5
1.687 , 0.5100098
1.688 , 0.4799957
1.689 , 0.4899902
1.69 , 0.4899902
1.691 , 0.4499969
1.692 , 0.4499969
1.694 , 0.5
1.695 , 0.4300079
1.696 , 0.4700012
1.697 , 0.4700012
1.698 , 0.4400024
1.699 , 0.4499969
1.701 , 0.4799957
1.702 , 0.4799957
1.703 , 0.4900055
1.704 , 0.4600067
1.706 , 0.5
1.707 , 0.4300079
1.708 , 0.4300079
1.709 , 0.4799957
1.71 , 0.4199982
1.711 , 0.4400024
1.713 , 0.4300079
1.714 , 0.4000092
1.715 , 0.4300079
1.716 , 0.4100037
1.717 , 0.4100037
1.718 , 0.4400024
1.719 , 0.4700012
1.721 , 0.4499969
1.722 , 0.4499969
1.723 , 0.4600067
1.724 , 0.4600067
1.725 , 0.4600067
1.727 , 0.4400024
1.728 , 0.4700012
1.729 , 0.4400024
1.73 , 0.4799957
1.731 , 0.4499969
1.733 , 0.4600067
1.734 , 0.4600067
1.735 , 0.4199982
1.736 , 0.4299927
1.737 , 0.4700012
1.738 , 0.4700012
1.74 , 0.4400024
1.741 , 0.4400024
1.742 , 0.4100037
1.743 , 0.4499969
1.744 , 0.4499969
1.745 , 0.4199982
1.747 , 0.4299927
1.748 , 0.4299927
1.749 , 0.3600006
1.75 , 0.4400024
1.751 , 0.4700012
1.752 , 0.4000092
1.754 , 0.4499969
1.755 , 0.4499969
1.756 , 0.4199982
1.757 , 0.4599915
1.758 , 0.4599915
1.76 , 0.4300079
1.761 , 0.4700012
1.762 , 0.4700012
1.763 , 0.4400024
1.764 , 0.4799957
1.765 , 0.4400024
1.767 , 0.4899902
1.768 , 0.4499969
1.769 , 0.4899902
1.77 , 0.4600067
1.771 , 0.5
1.773 , 0.4700012
1.774 , 0.4400024
1.775 , 0.4400024
1.776 , 0.480011
1.777 , 0.4500122
1.778 , 0.480011
1.78 , 0.4600067
1.781 , 0.4900055
1.782 , 0.5299988
1.783 , 0.5
1.784 , 0.5
1.785 , 0.5
1.787 , 0.480011
1.788 , 0.480011
1.789 , 0.480011
1.79 , 0.5200043
1.791 , 0.4900055
1.793 , 0.5299988
1.794 , 0.5
1.795 , 0.5
1.796 , 0.5100098
1.797 , 0.5100098
1.798 , 0.5400085
1.8 , 0.5500031
1.801 , 0.5200043
1.802 , 0.5500031
1.803 , 0.5599976
1.804 , 0.5299988
1.806 , 0.5299988
1.807 , 0.5400085
1.808 , 0.5
1.809 , 0.5400085
1.81 , 0.5500031
1.812 , 0.5500031
1.813 , 0.519989
1.814 , 0.519989
1.815 , 0.519989
1.816 , 0.5599976
1.817 , 0.5299988
1.819 , 0.5299988
1.82 , 0.5399933
1.821 , 0.5800018
1.822 , 0.5399933
1.823 , 0.5500031
1.824 , 0.530014
1.826 , 0.5500031
1.827 , 0.5599976
1.828 , 0.5599976
1.829 , 0.5599976
1.83 , 0.5500031
1.832 , 0.5500031
1.833 , 0.5600128
1.834 , 0.5600128
1.835 , 0.5600128
1.836 , 0.5600128
1.837 , 0.5399933
1.839 , 0.5700073
1.84 , 0.5499878
1.841 , 0.5999908
1.842 , 0.5999908
1.843 , 0.5900116
1.845 , 0.5599976
1.846 , 0.5900116
1.847 , 0.6000061
1.848 , 0.5699921
1.849 , 0.5699921
1.85 , 0.5399933
1.852 , 0.5399933
1.853 , 0.5500031
1.854 , 0.5500031
1.855 , 0.5500031
1.856 , 0.5500031
1.858 , 0.5299988
1.859 , 0.5599976
1.86 , 0.5700073
1.861 , 0.5700073
1.862 , 0.5700073
1.864 , 0.5800018
1.865 , 0.6199951
1.866 , 0.6199951
1.867 , 0.5899963
1.868 , 0.5899963
1.869 , 0.5899963
1.871 , 0.6000061
1.872 , 0.5700073
1.873 , 0.5800018
1.874 , 0.5800018
1.875 , 0.5800018
1.877 , 0.5499878
1.878 , 0.5899963
1.879 , 0.5899963
1.88 , 0.5599976
1.881 , 0.6000061
1.883 , 0.6000061
1.884 , 0.6100006
1.885 , 0.5500031
1.886 , 0.5699921
1.887 , 0.5299988
1.888 , 0.5599976
1.89 , 0.5700073
1.891 , 0.5400085
1.892 , 0.5700073
1.893 , 0.5400085
1.894 , 0.5500031
1.896 , 0.5500031
1.897 , 0.5599976
1.906 , 0.5399933
1.907 , 0.5500031
1.908 , 0.5500031
1.909 , 0.5500031
1.911 , 0.5599976
1.912 , 0.5299988
1.913 , 0.4900055
1.914 , 0.5
1.915 , 0.5
1.916 , 0.5399933
1.918 , 0.5100098
1.919 , 0.5100098
1.92 , 0.5200043
1.921 , 0.5599976
1.922 , 0.5200043
1.923 , 0.5200043
1.925 , 0.5099945
1.926 , 0.5299988
1.927 , 0.5200043
1.928 , 0.5200043
1.929 , 0.5200043
1.93 , 0.5
1.932 , 0.5
1.933 , 0.5
1.934 , 0.5099945
1.935 , 0.5099945
1.936 , 0.469986
1.937 , 0.5200043
1.939 , 0.5500031
1.94 , 0.4899902
1.941 , 0.4899902
1.942 , 0.4599915
1.943 , 0.4899902
1.944 , 0.5400085
1.946 , 0.4700012
1.947 , 0.5500031
1.948 , 0.5099945
1.949 , 0.5099945
1.95 , 0.4899902
1.951 , 0.4899902
1.953 , 0.4899902
1.954 , 0.4600067
1.955 , 0.4600067
1.956 , 0.4400024
1.957 , 0.5099945
1.959 , 0.4700012
1.96 , 0.4799957
1.961 , 0.4799957
1.962 , 0.4799957
1.963 , 0.4799957
1.965 , 0.4900055
1.966 , 0.4700012
1.967 , 0.4299927
1.968 , 0.4299927
1.969 , 0.4799957
1.971 , 0.4399872
1.972 , 0.4199982
1.973 , 0.4199982
1.974 , 0.4499969
1.975 , 0.4300079
1.977 , 0.4400024
1.978 , 0.4400024
1.979 , 0.4599915
1.98 , 0.4100037
1.981 , 0.4499969
1.982 , 0.4199982
1.984 , 0.3899994
1.985 , 0.4300079
1.986 , 0.4300079
1.987 , 0.3999939
1.988 , 0.4400024
1.99 , 0.3999939
1.991 , 0.4100037
1.992 , 0.3899994
1.993 , 0.3899994
1.994 , 0.3999939
1.996 , 0.3999939
1.997 , 0.4099884
1.998 , 0.4099884
1.999 , 0.4099884
2.0 , 0.4099884
2.002 , 0.4199982
2.003 , 0.4199982
2.004 , 0.4499969
2.005 , 0.4299927
2.006 , 0.4299927
2.008 , 0.4399872
2.009 , 0.3899994
2.01 , 0.3899994
2.011 , 0.3800049
2.012 , 0.3500061
2.013 , 0.3800049
2.015 , 0.3899994
2.016 , 0.3899994
2.017 , 0.3999939
2.018 , 0.3999939
2.019 , 0.3999939
2.021 , 0.3800049
2.022 , 0.4100037
2.023 , 0.4100037
2.024 , 0.4199982
2.025 , 0.4199982
2.026 , 0.4199982
2.028 , 0.4300079
2.029 , 0.4000092
2.03 , 0.3600006
2.031 , 0.4100037
2.032 , 0.4400024
2.033 , 0.3699951
2.035 , 0.3799896
2.036 , 0.4199982
2.037 , 0.3899994
2.038 , 0.3899994
2.039 , 0.3899994
2.041 , 0.3999939
2.042 , 0.3999939
2.043 , 0.3999939
2.044 , 0.3899994
2.045 , 0.3399963
2.047 , 0.4099884
2.048 , 0.4000092
2.049 , 0.4199982
2.05 , 0.3500061
2.051 , 0.4100037
2.052 , 0.4100037
2.054 , 0.3699951
2.055 , 0.4199982
2.056 , 0.3699951
2.057 , 0.4199982
2.058 , 0.4300079
2.059 , 0.4499969
2.061 , 0.4400024
2.062 , 0.4400024
2.063 , 0.4400024
2.064 , 0.3999939
2.065 , 0.3999939
2.067 , 0.4499969
2.068 , 0.4100037
2.069 , 0.3600006
2.07 , 0.4100037
2.071 , 0.4199982
2.072 , 0.4199982
2.074 , 0.4100037
2.075 , 0.480011
2.076 , 0.4300079
2.077 , 0.4300079
2.078 , 0.4199982
2.079 , 0.4199982
2.081 , 0.4499969
2.082 , 0.4499969
2.083 , 0.4499969
2.084 , 0.4600067
2.085 , 0.4400024
2.086 , 0.4600067
2.088 , 0.4499969
2.089 , 0.4499969
2.09 , 0.4199982
2.091 , 0.4299927
2.093 , 0.4299927
2.094 , 0.4400024
2.095 , 0.4400024
2.096 , 0.4400024
2.097 , 0.4400024
2.098 , 0.4499969
2.1 , 0.4499969
2.101 , 0.4599915
2.102 , 0.4899902
2.103 , 0.4599915
2.104 , 0.5
2.106 , 0.4700012
2.107 , 0.4300079
2.108 , 0.4400024
2.109 , 0.4799957
2.11 , 0.4400024
2.111 , 0.4200134
2.113 , 0.4500122
2.114 , 0.4600067
2.115 , 0.4300079
2.116 , 0.4300079
2.117 , 0.4300079
2.118 , 0.4400024
2.119 , 0.4700012
2.12 , 0.4700012
2.122 , 0.4500122
2.123 , 0.4500122
2.124 , 0.4500122
2.125 , 0.4199982
2.126 , 0.4199982
2.128 , 0.4299927
2.129 , 0.4299927
2.13 , 0.4099884
2.131 , 0.4400024
2.132 , 0.4400024
2.133 , 0.4199982
2.135 , 0.4299927
2.136 , 0.4499969
2.137 , 0.4499969
2.138 , 0.4399872
2.139 , 0.4399872
2.141 , 0.4499969
2.142 , 0.4499969
2.143 , 0.4700012
2.144 , 0.4700012
2.145 , 0.4799957
2.147 , 0.4599915
2.148 , 0.4199982
2.149 , 0.4199982
2.15 , 0.4199982
2.151 , 0.4300079
2.152 , 0.4100037
2.154 , 0.4100037
2.155 , 0.4400024
2.156 , 0.4199982
2.157 , 0.4199982
2.158 , 0.4300079
2.159 , 0.4300079
2.161 , 0.4600067
2.162 , 0.4600067
2.163 , 0.4400024
2.164 , 0.4400024
2.165 , 0.4499969
2.166 , 0.4499969
2.168 , 0.4600067
2.169 , 0.4300079
2.17 , 0.4600067
2.171 , 0.4400024
2.172 , 0.4700012
2.174 , 0.4700012
2.175 , 0.4799957
2.176 , 0.4799957
2.177 , 0.4499969
2.178 , 0.4900055
2.179 , 0.5100098
2.181 , 0.5200043
2.182 , 0.5
2.183 , 0.5
2.184 , 0.5
2.185 , 0.5099945
2.186 , 0.4799957
2.187 , 0.4799957
2.189 , 0.4900055
2.19 , 0.5200043
2.191 , 0.5
2.192 , 0.5
2.193 , 0.4599915
2.194 , 0.4599915
2.196 , 0.4700012
2.197 , 0.4700012
2.198 , 0.4799957
2.199 , 0.4799957
2.2 , 0.4799957
2.202 , 0.4899902
2.203 , 0.4899902
2.204 , 0.4899902
2.205 , 0.480011
2.206 , 0.480011
2.207 , 0.480011
2.209 , 0.4900055
2.21 , 0.4400024
2.211 , 0.4900055
2.212 , 0.4499969
2.213 , 0.519989
2.214 , 0.5
2.216 , 0.5100098
2.217 , 0.5100098
2.218 , 0.4700012
2.219 , 0.4499969
2.22 , 0.4700012
2.221 , 0.4499969
2.222 , 0.5299988
2.224 , 0.4799957
2.225 , 0.4900055
2.226 , 0.4700012
2.227 , 0.4400024
2.228 , 0.4799957
2.23 , 0.4799957
2.231 , 0.4499969
2.232 , 0.4599915
2.233 , 0.4599915
2.234 , 0.4599915
2.236 , 0.5
2.237 , 0.4300079
2.238 , 0.4799957
2.239 , 0.5099945
2.24 , 0.4400024
2.241 , 0.5099945
2.243 , 0.4500122
2.244 , 0.4500122
2.245 , 0.4600067
2.246 , 0.5
2.247 , 0.4600067
2.248 , 0.4700012
2.25 , 0.4700012
2.251 , 0.4700012
2.252 , 0.4600067
2.253 , 0.4600067
2.254 , 0.4600067
2.255 , 0.4700012
2.256 , 0.4900055
2.258 , 0.4299927
2.259 , 0.4299927
2.26 , 0.4799957
2.261 , 0.4799957
2.262 , 0.4900055
2.264 , 0.4900055
2.265 , 0.5200043
2.266 , 0.5
2.267 , 0.5
2.268 , 0.5099945
2.269 , 0.4399872
2.271 , 0.5099945
2.272 , 0.4700012
2.273 , 0.5200043
2.274 , 0.4700012
2.275 , 0.4799957
2.276 , 0.4599915
2.278 , 0.4799957
2.279 , 0.5600128
2.28 , 0.5400085
2.281 , 0.5400085
2.282 , 0.5500031
2.283 , 0.5500031
2.285 , 0.5599976
2.286 , 0.5800018
2.287 , 0.5800018
2.288 , 0.5599976
2.289 , 0.5900116
2.29 , 0.5900116
2.292 , 0.6000061
2.293 , 0.6000061
2.294 , 0.6000061
2.295 , 0.6799927
2.296 , 0.6100006
2.297 , 0.6799927
2.299 , 0.7100067
2.3 , 0.7100067
2.301 , 0.7100067
2.302 , 0.7700043
2.303 , 0.7700043
2.305 , 0.7999878
2.306 , 0.8399963
2.307 , 0.8699951
2.308 , 0.7999878
2.309 , 0.8500061
2.31 , 0.8800049
2.312 , 0.8899994
2.313 , 0.9599915
2.314 , 0.9100037
2.315 , 0.9199982
2.316 , 0.969986
2.318 , 0.9899902
2.319 , 1.040009
2.32 , 1.0
2.321 , 1.070007
2.322 , 1.080002
2.323 , 1.080002
2.324 , 1.080002
2.326 , 1.130005
2.327 , 1.160004
2.328 , 1.130005
2.329 , 1.169998
2.33 , 1.169998
2.332 , 1.179993
2.333 , 1.199997
2.334 , 1.25
2.335 , 1.26001
2.336 , 1.26001
2.337 , 1.210007
2.338 , 1.210007
2.34 , 1.270004
2.341 , 1.270004
2.342 , 1.279999
2.343 , 1.299988
2.344 , 1.299988
2.345 , 1.350006
2.346 , 1.350006
2.348 , 1.350006
2.349 , 1.360001
2.35 , 1.319992
2.351 , 1.300003
2.352 , 1.329987
2.354 , 1.309998
2.355 , 1.309998
2.356 , 1.339996
2.357 , 1.339996
2.358 , 1.320007
2.359 , 1.330002
2.361 , 1.330002
2.362 , 1.340012
2.363 , 1.340012
2.364 , 1.360001
2.365 , 1.290009
2.366 , 1.350006
2.367 , 1.279999
2.369 , 1.289993
2.37 , 1.309998
2.371 , 1.259995
2.372 , 1.270004
2.373 , 1.300003
2.374 , 1.230011
2.376 , 1.240005
2.377 , 1.240005
2.378 , 1.279999
2.379 , 1.159988
2.38 , 1.110001
2.381 , 1.110001
2.382 , 1.100006
2.384 , 1.100006
2.385 , 1.12001
2.386 , 1.080002
2.387 , 1.039993
2.388 , 1.039993
2.389 , 1.049988
2.391 , 1.029999
2.392 , 0.9900055
2.393 , 1.040009
2.394 , 0.9700012
2.395 , 0.9400024
2.397 , 0.9499969
2.398 , 0.9100037
2.399 , 0.9599915
2.4 , 0.9199982
2.401 , 0.8999939
2.402 , 0.9300079
2.404 , 0.9100037
2.405 , 0.8600006
2.406 , 0.8499908
2.407 , 0.8499908
2.408 , 0.7799988
2.41 , 0.7900085
2.411 , 0.7700043
2.412 , 0.8000031
2.413 , 0.7799988
2.414 , 0.7100067
2.415 , 0.7299957
2.417 , 0.7399902
2.418 , 0.7399902
2.419 , 0.75
2.42 , 0.730011
2.421 , 0.730011
2.422 , 0.6699982
2.424 , 0.7400055
2.425 , 0.6499939
2.426 , 0.6599884
2.427 , 0.6599884
2.428 , 0.5899963
2.43 , 0.6000061
2.431 , 0.6200104
2.432 , 0.5500031
2.433 , 0.5599976
2.434 , 0.5599976
2.435 , 0.5599976
2.437 , 0.5699921
2.438 , 0.5499878
2.439 , 0.5599976
2.44 , 0.5599976
2.441 , 0.5599976
2.443 , 0.5500031
2.444 , 0.5500031
2.445 , 0.5
2.446 , 0.5100098
2.447 , 0.5100098
2.448 , 0.5100098
2.45 , 0.5
2.451 , 0.5200043
2.452 , 0.5
2.453 , 0.4599915
2.454 , 0.4599915
2.455 , 0.4599915
2.457 , 0.4700012
2.458 , 0.4500122
2.459 , 0.4600067
2.46 , 0.4600067
2.461 , 0.4600067
2.462 , 0.4600067
2.464 , 0.4700012
2.465 , 0.4199982
2.466 , 0.4300079
2.467 , 0.480011
2.468 , 0.4300079
2.47 , 0.4400024
2.471 , 0.4199982
2.472 , 0.4199982
2.473 , 0.4099884
2.474 , 0.4099884
2.476 , 0.4400024
2.477 , 0.4400024
2.478 , 0.4400024
2.479 , 0.4299927
2.48 , 0.4499969
2.481 , 0.4299927
2.483 , 0.4799957
2.484 , 0.4399872
2.485 , 0.4399872
2.486 , 0.4700012
2.487 , 0.4000092
2.489 , 0.4599915
2.49 , 0.4599915
2.491 , 0.4100037
2.492 , 0.4599915
2.493 , 0.4200134
2.494 , 0.4200134
2.496 , 0.4100037
2.497 , 0.4300079
2.498 , 0.4100037
2.499 , 0.4199982
2.5 , 0.4899902
2.501 , 0.4899902
2.503 , 0.4300079
2.504 , 0.4300079
2.505 , 0.4500122
2.506 , 0.4600067
2.507 , 0.4600067
2.508 , 0.4400024
2.51 , 0.4499969
2.511 , 0.3999939
2.512 , 0.3999939
2.513 , 0.3899994
2.514 , 0.4100037
2.516 , 0.4199982
2.517 , 0.4199982
2.518 , 0.4199982
2.519 , 0.4199982
2.52 , 0.4099884
2.522 , 0.4299927
2.523 , 0.4400024
2.524 , 0.4400024
2.525 , 0.4199982
2.526 , 0.4299927
2.527 , 0.4100037
2.529 , 0.4299927
2.53 , 0.4400024
2.531 , 0.4200134
2.532 , 0.4200134
2.533 , 0.4300079
2.534 , 0.4300079
2.536 , 0.4400024
2.537 , 0.3899994
2.538 , 0.4400024
2.539 , 0.3899994
2.54 , 0.4500122
2.541 , 0.4700012
2.543 , 0.4799957
2.544 , 0.4100037
2.545 , 0.4100037
2.546 , 0.4199982
2.547 , 0.4199982
2.549 , 0.4199982
2.55 , 0.4100037
2.551 , 0.4100037
2.552 , 0.4100037
2.553 , 0.4400024
2.554 , 0.4400024
2.556 , 0.4299927
2.557 , 0.4299927
2.558 , 0.4499969
2.559 , 0.4499969
2.56 , 0.4600067
2.562 , 0.4600067
2.563 , 0.4700012
2.564 , 0.4700012
2.565 , 0.4499969
2.574 , 0.4299927
2.575 , 0.4299927
2.577 , 0.4900055
2.578 , 0.4200134
2.579 , 0.4400024
2.58 , 0.4300079
2.581 , 0.4499969
2.582 , 0.5
2.584 , 0.4599915
2.585 , 0.4599915
2.586 , 0.4700012
2.587 , 0.4700012
2.588 , 0.5200043
2.589 , 0.4700012
2.591 , 0.4600067
2.592 , 0.4799957
2.593 , 0.4899902
2.594 , 0.4700012
2.595 , 0.4499969
2.596 , 0.4499969
2.598 , 0.480011
2.599 , 0.4600067
2.6 , 0.4900055
2.601 , 0.4900055
2.602 , 0.4900055
2.604 , 0.5
2.605 , 0.5
2.606 , 0.5
2.607 , 0.4400024
2.608 , 0.4900055
2.609 , 0.4400024
2.61 , 0.4499969
2.612 , 0.4499969
2.613 , 0.4600067
2.614 , 0.4600067
2.615 , 0.4600067
2.616 , 0.4400024
2.618 , 0.4499969
2.619 , 0.4700012
2.62 , 0.4799957
2.621 , 0.4799957
2.622 , 0.4799957
2.624 , 0.4900055
2.625 , 0.4700012
2.626 , 0.4700012
2.627 , 0.4799957
2.628 , 0.5
2.629 , 0.4300079
2.631 , 0.4400024
2.632 , 0.4199982
2.633 , 0.4500122
2.634 , 0.4500122
2.635 , 0.4300079
2.636 , 0.4300079
2.638 , 0.4400024
2.639 , 0.4400024
2.64 , 0.4499969
2.641 , 0.4700012
2.642 , 0.4499969
2.643 , 0.4600067
2.645 , 0.4600067
2.646 , 0.4600067
2.647 , 0.4199982
2.648 , 0.4199982
2.649 , 0.3999939
2.651 , 0.4299927
2.652 , 0.3899994
2.653 , 0.4000092
2.654 , 0.4199982
2.655 , 0.4000092
2.657 , 0.4299927
2.658 , 0.4100037
2.659 , 0.4100037
2.66 , 0.4400024
2.661 , 0.4400024
2.662 , 0.4400024
2.664 , 0.3800049
2.665 , 0.4300079
2.666 , 0.4300079
2.667 , 0.4400024
2.668 , 0.3699951
2.669 , 0.3699951
2.671 , 0.3800049
2.672 , 0.3300018
2.673 , 0.3300018
2.674 , 0.3899994
2.675 , 0.3200073
2.677 , 0.3499908
2.678 , 0.3499908
2.679 , 0.3300018
2.68 , 0.3400116
2.681 , 0.3400116
2.682 , 0.3400116
2.684 , 0.3500061
2.685 , 0.3300018
2.686 , 0.3500061
2.687 , 0.3600006
2.688 , 0.4299927
2.69 , 0.3700104
2.691 , 0.3700104
2.692 , 0.3500061
2.693 , 0.3000031
2.694 , 0.3600006
2.695 , 0.3600006
2.697 , 0.3200073
2.698 , 0.3700104
2.699 , 0.3200073
2.7 , 0.3800049
2.701 , 0.3800049
2.702 , 0.3300018
2.704 , 0.3899994
2.705 , 0.3199921
2.706 , 0.3199921
2.707 , 0.3300018
2.708 , 0.4000092
2.71 , 0.3399963
2.711 , 0.2899933
2.712 , 0.2700043
2.713 , 0.2700043
2.714 , 0.2799988
2.716 , 0.2999878
2.717 , 0.3099976
2.718 , 0.3099976
2.719 , 0.3099976
2.72 , 0.3000031
2.721 , 0.3199921
2.723 , 0.3199921
2.724 , 0.3299866
2.725 , 0.3099976
2.726 , 0.3099976
2.727 , 0.2700043
2.729 , 0.2700043
2.73 , 0.2599945
2.731 , 0.2599945
2.732 , 0.2599945
2.733 , 0.2599945
2.734 , 0.25
2.736 , 0.269989
2.737 , 0.2600098
2.738 , 0.2799988
2.739 , 0.2799988
2.74 , 0.3099976
2.742 , 0.2700043
2.743 , 0.2700043
2.744 , 0.280014
2.745 , 0.280014
2.746 , 0.230011
2.747 , 0.2900085
2.749 , 0.2400055
2.75 , 0.2200012
2.751 , 0.25
2.752 , 0.25
2.753 , 0.2299957
2.754 , 0.2400055
2.755 , 0.2400055
2.757 , 0.25
2.758 , 0.25
2.759 , 0.2700043
2.76 , 0.25
2.761 , 0.2099915
2.762 , 0.2599945
2.764 , 0.2700043
2.765 , 0.2200012
2.766 , 0.2200012
2.767 , 0.2299957
2.768 , 0.2299957
2.77 , 0.2099915
2.771 , 0.219986
2.772 , 0.219986
2.773 , 0.219986
2.774 , 0.2299957
2.776 , 0.1600037
2.777 , 0.2399902
2.778 , 0.2200012
2.779 , 0.2599945
2.78 , 0.2200012
2.781 , 0.230011
2.783 , 0.230011
2.784 , 0.2599945
2.785 , 0.2400055
2.786 , 0.2400055
2.787 , 0.25
2.789 , 0.25
2.79 , 0.1999969
2.791 , 0.2100067
2.792 , 0.2100067
2.793 , 0.2100067
2.794 , 0.2200012
2.796 , 0.2200012
2.797 , 0.2299957
2.798 , 0.2299957
2.799 , 0.2099915
2.8 , 0.2299957
2.802 , 0.2400055
2.803 , 0.2200012
2.804 , 0.25
2.805 , 0.2299957
2.806 , 0.2299957
2.807 , 0.1899872
2.809 , 0.2399902
2.81 , 0.1899872
2.811 , 0.1999969
2.812 , 0.1800079
2.813 , 0.1999969
2.815 , 0.1900024
2.816 , 0.1900024
2.817 , 0.1999969
2.818 , 0.1999969
2.819 , 0.1999969
2.821 , 0.2100067
2.822 , 0.1900024
2.823 , 0.1900024
2.824 , 0.1999969
2.825 , 0.1999969
2.826 , 0.1999969
2.828 , 0.1600037
2.829 , 0.1600037
2.83 , 0.230011
2.831 , 0.1699982
2.832 , 0.2200012
2.834 , 0.1799927
2.835 , 0.2299957
2.836 , 0.1599884
2.837 , 0.1799927
2.838 , 0.1699982
2.839 , 0.1900024
2.841 , 0.1999969
2.842 , 0.1999969
2.843 , 0.1999969
2.844 , 0.1899872
2.845 , 0.1899872
2.847 , 0.1899872
2.848 , 0.1500092
2.849 , 0.1999969
2.85 , 0.1999969
2.852 , 0.1600037
2.853 , 0.2099915
2.854 , 0.219986
2.855 , 0.219986
2.856 , 0.1699982
2.858 , 0.2299957
2.859 , 0.1800079
2.86 , 0.2299957
2.861 , 0.2399902
2.862 , 0.1900024
2.864 , 0.2000122
2.865 , 0.1800079
2.866 , 0.1800079
2.867 , 0.1800079
2.868 , 0.1900024
2.869 , 0.1900024
2.871 , 0.1499939
2.872 , 0.1499939
2.873 , 0.1499939
2.874 , 0.1600037
2.875 , 0.2100067
2.877 , 0.1399994
2.878 , 0.1699982
2.879 , 0.1699982
2.88 , 0.1699982
2.881 , 0.1799927
2.882 , 0.1799927
2.884 , 0.1699982
2.885 , 0.1699982
2.886 , 0.1900024
2.887 , 0.1699982
2.888 , 0.1799927
2.89 , 0.1600037
2.891 , 0.1699982
2.892 , 0.1699982
2.893 , 0.1199951
2.894 , 0.1100006
2.896 , 0.1300049
2.897 , 0.1300049
2.898 , 0.1399994
2.899 , 0.1399994
2.9 , 0.1399994
2.902 , 0.1999969
2.903 , 0.1999969
2.904 , 0.1499939
2.905 , 0.1600037
2.906 , 0.1600037
2.907 , 0.2100067
2.909 , 0.1699982
2.91 , 0.1499939
2.911 , 0.0900116
2.912 , 0.1600037
2.913 , 0.1100006
2.915 , 0.1199951
2.916 , 0.1699982
2.917 , 0.1699982
2.918 , 0.1799927
2.919 , 0.1799927
2.921 , 0.2100067
2.922 , 0.1200104
2.923 , 0.2100067
2.924 , 0.1399994
2.925 , 0.1999969
2.926 , 0.1300049
2.928 , 0.1399994
2.929 , 0.1199951
2.93 , 0.06999207
2.931 , 0.1300049
2.933 , 0.1500092
2.934 , 0.1500092
2.935 , 0.1399994
2.936 , 0.1399994
2.937 , 0.1399994
2.938 , 0.1499939
2.94 , 0.1499939
2.941 , 0.1800079
2.942 , 0.1600037
2.943 , 0.1600037
2.944 , 0.1600037
2.946 , 0.1199951
2.947 , 0.09999084
2.948 , 0.1300049
2.949 , 0.1100006
2.95 , 0.1100006
2.952 , 0.1399994
2.953 , 0.1199951
2.954 , 0.1199951
2.955 , 0.1299896
2.956 , 0.05999756
2.958 , 0.1399994
2.959 , 0.0900116
2.96 , 0.0900116
2.962 , 0.1000061
2.963 , 0.1000061
2.964 , 0.1000061
2.965 , 0.1599884
2.966 , 0.1599884
2.968 , 0.08000183
2.969 , 0.08000183
2.97 , 0.1000061
2.972 , 0.08999634
2.973 , 0.08999634
2.974 , 0.08999634
2.976 , 0.09999084
2.977 , 0.1199951
2.978 , 0.1100006
2.98 , 0.1100006
2.981 , 0.04000854
2.982 , 0.05000305
2.983 , 0.1199951
2.985 , 0.1299896
2.986 , 0.05999756
2.987 , 0.1299896
2.989 , 0.07000732
2.99 , 0.0
2.991 , 0.07000732
2.992 , 0.05999756
2.994 , -0.01000977
2.995 , 0.02000427
2.997 , 0.07000732
2.998 , 0.02999878
2.999 , 0.1000061
3.001 , 0.08000183
3.002 , 0.08999634
3.003 , 0.08999634
3.005 , 0.02999878
3.006 , 0.1000061
3.007 , 0.02999878
3.009 , 0.05999756
3.01 , 0.03999329
3.011 , 0.03999329
3.013 , 0.0
3.014 , 0.06999207
3.015 , 0.01000977
3.017 , 0.01000977
3.018 , 0.06999207
3.019 , 0.06999207
3.021 , 0.06999207
3.022 , 0.02999878
3.024 , 0.02999878
3.025 , 0.04000854
3.026 , 0.04000854
3.028 , 0.05000305
3.029 , 0.02999878
3.03 , 0.02999878
3.032 , 0.02000427
3.033 , 0.02000427
3.035 , 0.05000305
3.036 , 0.05000305
3.037 , 0.02999878
3.039 , 0.03999329
3.04 , 0.05999756
3.041 , 0.05999756
3.043 , 0.05000305
3.044 , 0.05000305
3.046 , 0.05999756
3.047 , 0.05999756
3.048 , 0.01998901
3.05 , 0.01998901
3.051 , 0.01998901
3.053 , 0.01000977
3.054 , 0.01000977
3.055 , 0.02000427
3.057 , 0.03999329
3.058 , 0.03999329
3.059 , 0.04998779
3.061 , 0.04998779
3.062 , 0.05999756
3.064 , 0.1100006
3.065 , 0.06999207
3.066 , 0.1199951
3.067 , 0.06999207
3.069 , 0.07998657
3.07 , 0.07998657
3.072 , 0.08999634
3.073 , 0.1600037
3.074 , 0.1399994
3.075 , 0.1499939
3.077 , 0.1499939
3.078 , 0.1699982
3.079 , 0.2000122
3.08 , 0.2000122
3.081 , 0.2000122
3.082 , 0.2599945
3.084 , 0.2599945
3.085 , 0.3399963
3.086 , 0.3399963
3.087 , 0.2899933
3.088 , 0.2899933
3.09 , 0.3700104
3.091 , 0.3700104
3.092 , 0.3800049
3.093 , 0.3800049
3.094 , 0.3800049
3.095 , 0.4599915
3.097 , 0.4799957
3.098 , 0.4799957
3.099 , 0.5599976
3.1 , 0.5599976
3.102 , 0.5899963
3.103 , 0.5899963
3.104 , 0.6399994
3.105 , 0.6499939
3.106 , 0.6499939
3.108 , 0.6899872
3.109 , 0.75
3.11 , 0.6999969
3.111 , 0.6800079
3.112 , 0.7599945
3.114 , 0.7599945
3.115 , 0.7900085
3.116 , 0.7900085
3.117 , 0.8400116
3.118 , 0.8600006
3.119 , 0.8699951
3.121 , 0.8699951
3.122 , 0.8799896
3.123 , 0.8999939
3.124 , 0.8799896
3.125 , 0.9100037
3.126 , 0.9600067
3.128 , 0.9100037
3.129 , 0.9199982
3.13 , 0.8999939
3.131 , 0.9199982
3.132 , 0.9299927
3.134 , 0.9099884
3.135 , 0.9400024
3.136 , 0.9900055
3.137 , 0.9400024
3.138 , 0.9199982
3.139 , 1.0
3.141 , 1.0
3.142 , 1.009995
3.143 , 1.009995
3.144 , 1.009995
3.145 , 0.9599915
3.146 , 0.9700012
3.148 , 0.9499969
3.149 , 0.9599915
3.15 , 0.9599915
3.151 , 0.9599915
3.152 , 0.9499969
3.154 , 0.9499969
3.155 , 0.9499969
3.156 , 0.9600067
3.157 , 0.9100037
3.158 , 0.9100037
3.16 , 0.9199982
3.161 , 0.9199982
3.162 , 0.9100037
3.163 , 0.9100037
3.164 , 0.8600006
3.165 , 0.8400116
3.167 , 0.8500061
3.168 , 0.8500061
3.169 , 0.8600006
3.17 , 0.8399963
3.171 , 0.7899933
3.172 , 0.7799988
3.174 , 0.8000031
3.175 , 0.7799988
3.176 , 0.7899933
3.177 , 0.7400055
3.178 , 0.7200012
3.18 , 0.7099915
3.181 , 0.7299957
3.182 , 0.7200012
3.183 , 0.6500092
3.184 , 0.6500092
3.185 , 0.6300049
3.187 , 0.6399994
3.188 , 0.5899963
3.189 , 0.5799866
3.19 , 0.5299988
3.191 , 0.5099945
3.193 , 0.5200043
3.194 , 0.5
3.195 , 0.5
3.196 , 0.5099945
3.197 , 0.4599915
3.198 , 0.4599915
3.2 , 0.4700012
3.201 , 0.4000092
3.202 , 0.4600067
3.203 , 0.4100037
3.204 , 0.4100037
3.205 , 0.3899994
3.207 , 0.3799896
3.208 , 0.3799896
3.209 , 0.3899994
3.21 , 0.3400116
3.211 , 0.3200073
3.213 , 0.3300018
3.214 , 0.2799988
3.215 , 0.2799988
3.216 , 0.269989
3.217 , 0.269989
3.218 , 0.2200012
3.22 , 0.2799988
3.221 , 0.230011
3.222 , 0.230011
3.223 , 0.2400055
3.224 , 0.2400055
3.225 , 0.2200012
3.227 , 0.2299957
3.228 , 0.2099915
3.229 , 0.2200012
3.23 , 0.2200012
3.231 , 0.1500092
3.232 , 0.1500092
3.234 , 0.1799927
3.235 , 0.1600037
3.236 , 0.1699982
3.237 , 0.1699982
3.238 , 0.1199951
3.24 , 0.1800079
3.241 , 0.1300049
3.242 , 0.1300049
3.243 , 0.1399994
3.244 , 0.1199951
3.245 , 0.1199951
3.247 , 0.1300049
3.248 , 0.1300049
3.249 , 0.1199951
3.25 , 0.1199951
3.251 , 0.05000305
3.261 , 0.08000183
3.262 , 0.08000183
3.263 , 0.08999634
3.265 , 0.08999634
3.266 , 0.1000061
3.267 , 0.05000305
3.269 , 0.05999756
3.27 , 0.05999756
3.271 , 0.03999329
3.273 , 0.02999878
3.274 , -0.02000427
3.276 , 0.05999756
3.277 , 0.04000854
3.278 , 0.04000854
3.28 , 0.06999207
3.281 , 0.05000305
3.283 , 0.06001282
3.284 , 0.01000977
3.285 , 0.06001282
3.287 , 0.02000427
3.288 , 0.0
3.289 , 0.009994507
3.291 , -0.04000854
3.292 , -0.04000854
3.293 , 0.02000427
3.295 , -0.02999878
3.296 , -0.02000427
3.297 , 0.02999878
3.299 , -0.03999329
3.3 , -0.01000977
3.302 , -0.02999878
3.303 , 0.0
3.304 , -0.01998901
3.306 , 0.009994507
3.307 , -0.05999756
3.309 , -0.1000061
3.31 , -0.05000305
3.311 , -0.07000732
3.312 , -0.07000732
3.314 , -0.05999756
3.315 , -0.05999756
3.317 , -0.05000305
3.318 , -0.05000305
3.319 , -0.05000305
3.321 , -0.06001282
3.322 , -0.04000854
3.323 , -0.02999878
3.325 , -0.02999878
3.326 , -0.04000854
3.328 , -0.04000854
3.329 , -0.02000427
3.33 , -0.009994507
3.332 , -0.02999878
3.333 , -0.02000427
3.335 , -0.02000427
3.336 , -0.01000977
3.337 , -0.08000183
3.339 , -0.01000977
3.34 , 0.0
3.341 , 0.0
3.343 , 0.009994507
3.344 , 0.009994507
3.345 , 0.009994507
3.347 , 0.01998901
3.348 , -0.02999878
3.35 , 0.02999878
3.351 , 0.02999878
3.353 , -0.02999878
3.354 , -0.02999878
3.355 , -0.02999878
3.357 , -0.02000427
3.358 , 0.0
3.359 , 0.0
3.36 , 0.01000977
3.362 , -0.009994507
3.363 , 0.02000427
3.365 , 0.02000427
3.366 , 0.03001404
3.367 , 0.01000977
3.369 , 0.03001404
3.37 , 0.02000427
3.372 , -0.02999878
3.373 , 0.02999878
3.375 , -0.02000427
3.376 , -0.02000427
3.377 , -0.009994507
3.379 , -0.009994507
3.38 , 0.0
3.381 , 0.0
3.382 , 0.05000305
3.384 , 0.009994507
3.385 , 0.009994507
3.387 , 0.02000427
3.388 , 0.02000427
3.389 , 0.0
3.391 , 0.009994507
3.392 , 0.009994507
3.394 , 0.0
3.395 , 0.0
3.396 , 0.0
3.397 , 0.05000305
3.398 , 0.01000977
3.4 , 0.02000427
3.401 , 0.03999329
3.402 , 0.03999329
3.404 , 0.04998779
3.405 , 0.02999878
3.407 , 0.04000854
3.408 , -0.02999878
3.409 , 0.05999756
3.411 , 0.05000305
3.412 , 0.0
3.413 , 0.01000977
3.415 , 0.01000977
3.416 , 0.01000977
3.417 , 0.02000427
3.419 , 0.0
3.42 , 0.02999878
3.421 , 0.009994507
3.423 , 0.02000427
3.424 , 0.04000854
3.425 , 0.02000427
3.427 , 0.02999878
3.428 , 0.02999878
3.43 , -0.01000977
3.431 , -0.02999878
3.432 , -0.02999878
3.434 , 0.0
3.435 , -0.01998901
3.436 , 0.0
3.438 , -0.009994507
3.439 , -0.05999756
3.441 , 0.0
3.442 , -0.05000305
3.443 , -0.03999329
3.444 , -0.03999329
3.446 , 0.01000977
3.447 , -0.02999878
3.449 , -0.05000305
3.45 , -0.05999756
3.451 , -0.05999756
3.453 , -0.05999756
3.454 , -0.02999878
3.456 , -0.05000305
3.457 , -0.08999634
3.458 , -0.08999634
3.46 , -0.009994507
3.461 , -0.009994507
3.463 , -0.02999878
3.464 , -0.02000427
3.466 , -0.06999207
3.467 , -0.05999756
3.468 , -0.05999756
3.47 , -0.1199951
3.471 , -0.06999207
3.472 , -0.1199951
3.474 , -0.1300049
3.475 , -0.1100006
3.476 , -0.1100006
3.477 , -0.1000061
3.478 , -0.05000305
3.48 , -0.08999634
3.481 , -0.08999634
3.483 , -0.1299896
3.484 , -0.08000183
3.485 , -0.1000061
3.486 , -0.08000183
3.488 , -0.1100006
3.489 , -0.1100006
3.49 , -0.09999084
3.491 , -0.1499939
3.493 , -0.09999084
3.494 , -0.1399994
3.495 , -0.1399994
3.497 , -0.1299896
3.498 , -0.1299896
3.499 , -0.1499939
3.5 , -0.1199951
3.501 , -0.1199951
3.503 , -0.1399994
3.504 , -0.1800079
3.505 , -0.1300049
3.506 , -0.1300049
3.507 , -0.1699982
3.508 , -0.1699982
3.51 , -0.1600037
3.511 , -0.1799927
3.512 , -0.1999969
3.513 , -0.25
3.514 , -0.2400055
3.516 , -0.2400055
3.517 , -0.1799927
3.518 , -0.25
3.519 , -0.25
3.52 , -0.2200012
3.521 , -0.2200012
3.523 , -0.2200012
3.524 , -0.2100067
3.525 , -0.230011
3.526 , -0.2100067
3.527 , -0.2200012
3.528 , -0.2200012
3.529 , -0.2200012
3.531 , -0.2600098
3.532 , -0.2600098
3.533 , -0.2799988
3.534 , -0.269989
3.535 , -0.269989
3.537 , -0.2599945
3.538 , -0.2599945
3.539 , -0.2599945
3.54 , -0.2599945
3.541 , -0.25
3.543 , -0.230011
3.544 , -0.2399902
3.545 , -0.2799988
3.546 , -0.2399902
3.547 , -0.2700043
3.549 , -0.2700043
3.55 , -0.2700043
3.551 , -0.2900085
3.552 , -0.2900085
3.553 , -0.2900085
3.554 , -0.2799988
3.556 , -0.2799988
3.557 , -0.2899933
3.558 , -0.2700043
3.559 , -0.2700043
3.56 , -0.2700043
3.562 , -0.2600098
3.563 , -0.2799988
3.564 , -0.25
3.565 , -0.25
3.566 , -0.269989
3.568 , -0.3099976
3.569 , -0.2599945
3.57 , -0.3099976
3.571 , -0.3000031
3.572 , -0.3200073
3.573 , -0.25
3.575 , -0.2899933
3.576 , -0.3099976
3.577 , -0.2799988
3.578 , -0.3000031
3.579 , -0.3000031
3.581 , -0.269989
3.582 , -0.269989
3.583 , -0.2899933
3.584 , -0.3199921
3.585 , -0.2599945
3.587 , -0.2700043
3.588 , -0.3099976
3.589 , -0.3099976
3.59 , -0.3099976
3.591 , -0.2999878
3.593 , -0.2999878
3.594 , -0.2899933
3.595 , -0.2899933
3.596 , -0.3200073
3.597 , -0.3100128
3.599 , -0.3100128
3.6 , -0.3100128
3.601 , -0.3199921
3.602 , -0.3000031
3.603 , -0.3000031
3.605 , -0.2900085
3.606 , -0.3099976
3.607 , -0.3099976
3.608 , -0.280014
3.609 , -0.3000031
3.61 , -0.280014
3.612 , -0.3399963
3.613 , -0.2899933
3.614 , -0.3300018
3.615 , -0.3300018
3.616 , -0.3300018
3.617 , -0.3300018
3.619 , -0.3199921
3.62 , -0.3199921
3.621 , -0.3099976
3.622 , -0.3099976
3.623 , -0.3300018
3.625 , -0.3000031
3.626 , -0.3200073
3.627 , -0.3200073
3.628 , -0.2899933
3.629 , -0.3099976
3.63 , -0.3600006
3.632 , -0.3000031
3.633 , -0.3500061
3.634 , -0.3400116
3.635 , -0.2900085
3.636 , -0.2900085
3.638 , -0.3300018
3.639 , -0.2799988
3.64 , -0.2799988
3.641 , -0.3200073
3.642 , -0.3200073
3.643 , -0.2700043
3.645 , -0.3100128
3.646 , -0.3100128
3.647 , -0.3100128
3.648 , -0.3199921
3.649 , -0.3399963
3.651 , -0.2900085
3.652 , -0.3099976
3.653 , -0.3099976
3.654 , -0.3200073
3.655 , -0.3000031
3.656 , -0.3200073
3.658 , -0.3099976
3.659 , -0.3099976
3.66 , -0.2899933
3.661 , -0.3000031
3.662 , -0.2799988
3.664 , -0.3399963
3.665 , -0.2899933
3.666 , -0.2899933
3.667 , -0.3399963
3.668 , -0.3300018
3.67 , -0.3300018
3.671 , -0.3200073
3.672 , -0.3200073
3.673 , -0.3200073
3.674 , -0.3099976
3.675 , -0.3099976
3.677 , -0.3799896
3.678 , -0.3000031
3.679 , -0.3000031
3.68 , -0.3200073
3.681 , -0.3100128
3.683 , -0.2900085
3.684 , -0.3000031
3.685 , -0.3000031
3.686 , -0.3000031
3.687 , -0.3499908
3.688 , -0.2900085
3.69 , -0.2900085
3.691 , -0.3300018
3.692 , -0.3300018
3.693 , -0.3300018
3.694 , -0.3300018
3.695 , -0.3399963
3.697 , -0.3199921
3.698 , -0.3099976
3.699 , -0.3300018
3.7 , -0.3099976
3.702 , -0.2999878
3.703 , -0.3199921
3.704 , -0.2999878
3.705 , -0.3099976
3.706 , -0.3099976
3.708 , -0.3399963
3.709 , -0.3000031
3.71 , -0.3399963
3.711 , -0.3299866
3.712 , -0.3299866
3.714 , -0.3299866
3.715 , -0.3500061
3.716 , -0.3500061
3.717 , -0.3500061
3.718 , -0.3099976
3.719 , -0.3099976
3.721 , -0.3300018
3.722 , -0.3300018
3.723 , -0.3300018
3.724 , -0.3300018
3.725 , -0.3200073
3.727 , -0.3200073
3.728 , -0.3300018
3.729 , -0.3800049
3.73 , -0.3300018
3.731 , -0.3199921
3.733 , -0.3699951
3.734 , -0.3199921
3.735 , -0.3600006
3.736 , -0.3800049
3.737 , -0.3600006
3.738 , -0.3000031
3.74 , -0.3500061
3.741 , -0.2899933
3.742 , -0.3399963
3.743 , -0.3399963
3.744 , -0.3600006
3.745 , -0.3300018
3.747 , -0.3500061
3.748 , -0.3399963
3.749 , -0.3399963
3.75 , -0.3799896
3.751 , -0.3300018
3.753 , -0.3300018
3.754 , -0.3999939
3.755 , -0.3600006
3.756 , -0.3600006
3.757 , -0.3899994
3.759 , -0.3099976
3.76 , -0.3499908
3.761 , -0.3000031
3.762 , -0.3399963
3.763 , -0.3000031
3.765 , -0.2900085
3.766 , -0.3300018
3.767 , -0.3300018
3.768 , -0.3499908
3.769 , -0.3199921
3.77 , -0.3499908
3.772 , -0.3399963
3.773 , -0.3600006
3.774 , -0.3600006
3.775 , -0.3500061
3.776 , -0.3500061
3.777 , -0.4000092
3.779 , -0.3399963
3.78 , -0.3399963
3.781 , -0.3399963
3.782 , -0.3300018
3.784 , -0.3300018
3.785 , -0.3199921
3.786 , -0.3699951
3.787 , -0.3699951
3.788 , -0.3800049
3.79 , -0.3099976
3.791 , -0.3800049
3.792 , -0.3700104
3.793 , -0.3700104
3.794 , -0.3700104
3.796 , -0.3600006
3.797 , -0.3999939
3.798 , -0.3500061
3.799 , -0.3500061
3.8 , -0.3500061
3.801 , -0.3500061
3.803 , -0.4100037
3.804 , -0.3800049
3.805 , -0.3300018
3.806 , -0.3300018
3.807 , -0.3999939
3.809 , -0.3899994
3.81 , -0.4300079
3.811 , -0.4300079
3.812 , -0.4200134
3.813 , -0.4200134
3.814 , -0.4200134
3.816 , -0.3699951
3.817 , -0.4100037
3.818 , -0.3600006
3.819 , -0.4000092
3.82 , -0.3600006
3.822 , -0.3500061
3.823 , -0.3900146
3.824 , -0.4200134
3.825 , -0.3800049
3.826 , -0.3800049
3.827 , -0.4299927
3.829 , -0.4000092
3.83 , -0.4199982
3.831 , -0.4199982
3.832 , -0.4099884
3.833 , -0.4499969
3.835 , -0.3999939
3.836 , -0.3800049
3.837 , -0.3800049
3.838 , -0.3899994
3.84 , -0.3899994
3.841 , -0.3899994
3.842 , -0.3600006
3.843 , -0.3799896
3.844 , -0.3799896
3.846 , -0.4100037
3.847 , -0.3500061
3.848 , -0.3699951
3.849 , -0.3600006
3.85 , -0.4000092
3.852 , -0.3899994
3.853 , -0.3899994
3.854 , -0.4199982
3.855 , -0.3800049
3.856 , -0.3800049
3.858 , -0.3800049
3.859 , -0.3700104
3.86 , -0.3300018
3.861 , -0.3700104
3.862 , -0.3899994
3.864 , -0.3199921
3.865 , -0.3500061
3.866 , -0.2900085
3.867 , -0.3500061
3.868 , -0.3500061
3.869 , -0.2999878
3.871 , -0.2999878
3.872 , -0.2899933
3.873 , -0.2899933
3.874 , -0.2899933
3.876 , -0.2600098
3.877 , -0.230011
3.878 , -0.2600098
3.879 , -0.2200012
3.88 , -0.1799927
3.881 , -0.1499939
3.883 , -0.1699982
3.884 , -0.1000061
3.885 , -0.1300049
3.886 , -0.07000732
3.888 , -0.02000427
3.889 , -0.009994507
3.89 , -0.009994507
3.892 , 0.0
3.893 , 0.0
3.894 , 0.05000305
3.896 , 0.05999756
3.897 , 0.09999084
3.898 , 0.09999084
3.9 , 0.1300049
3.901 , 0.1800079
3.902 , 0.1900024
3.903 , 0.2099915
3.905 , 0.1999969
3.906 , 0.219986
3.907 , 0.2899933
3.908 , 0.25
3.909 , 0.2600098
3.911 , 0.3200073
3.912 , 0.3300018
3.913 , 0.3300018
3.914 , 0.3799896
3.915 , 0.3899994
3.916 , 0.3899994
3.918 , 0.4100037
3.919 , 0.4199982
3.92 , 0.4199982
3.921 , 0.4900055
3.922 , 0.5
3.924 , 0.5
3.925 , 0.5
3.926 , 0.4900055
3.927 , 0.5100098
3.928 , 0.5299988
3.929 , 0.5200043
3.931 , 0.5200043
3.932 , 0.5299988
3.933 , 0.5299988
3.934 , 0.5299988
3.935 , 0.5499878
3.937 , 0.5400085
3.938 , 0.5599976
3.939 , 0.5500031
3.94 , 0.6199951
3.941 , 0.5500031
3.943 , 0.5799866
3.944 , 0.5799866
3.945 , 0.5799866
3.946 , 0.5700073
3.947 , 0.5700073
3.948 , 0.5899963
3.95 , 0.5999908
3.951 , 0.5800018
3.952 , 0.5700073
3.953 , 0.5700073
3.954 , 0.5700073
3.956 , 0.5800018
3.957 , 0.5800018
3.958 , 0.5299988
3.967 , 0.5399933
3.968 , 0.4700012
3.969 , 0.4799957
3.971 , 0.4799957
3.972 , 0.4199982
3.973 , 0.4199982
3.974 , 0.4199982
3.976 , 0.3600006
3.977 , 0.4299927
3.978 , 0.4100037
3.979 , 0.3699951
3.98 , 0.3499908
3.982 , 0.3800049
3.983 , 0.3200073
3.984 , 0.3200073
3.985 , 0.3200073
3.986 , 0.3300018
3.987 , 0.3000031
3.988 , 0.2799988
3.99 , 0.2399902
3.991 , 0.219986
3.992 , 0.2299957
3.993 , 0.1600037
3.995 , 0.1199951
3.996 , 0.1299896
3.997 , 0.1299896
3.998 , 0.1299896
3.999 , 0.1399994
4.001 , 0.0900116
4.002 , 0.05000305
4.003 , 0.1000061
4.005 , 0.05999756
4.006 , 0.0
4.007 , 0.03999329
4.008 , 0.0
4.01 , 0.01000977
4.011 , 0.01000977
4.012 , -0.03999329
4.014 , -0.02999878
4.015 , -0.02999878
4.016 , -0.0900116
4.018 , -0.06001282
4.019 , -0.08000183
4.021 , -0.1199951
4.022 , -0.1199951
4.023 , -0.1100006
4.024 , -0.1399994
4.025 , -0.1600037
4.027 , -0.1300049
4.028 , -0.1000061
4.029 , -0.1199951
4.03 , -0.1399994
4.031 , -0.1199951
4.032 , -0.1399994
4.034 , -0.1800079
4.035 , -0.1800079
4.036 , -0.1699982
4.037 , -0.1699982
4.038 , -0.1899872
4.039 , -0.1799927
4.041 , -0.1600037
4.042 , -0.1799927
4.043 , -0.1699982
4.044 , -0.2100067
4.045 , -0.1699982
4.047 , -0.1999969
4.048 , -0.1999969
4.049 , -0.2200012
4.05 , -0.2200012
4.051 , -0.2200012
4.052 , -0.2599945
4.054 , -0.25
4.055 , -0.25
4.056 , -0.2399902
4.057 , -0.2399902
4.058 , -0.2399902
4.059 , -0.2299957
4.061 , -0.2299957
4.062 , -0.2599945
4.063 , -0.2200012
4.064 , -0.2200012
4.065 , -0.25
4.066 , -0.2399902
4.068 , -0.2599945
4.069 , -0.2299957
4.07 , -0.25
4.071 , -0.25
4.072 , -0.25
4.073 , -0.280014
4.075 , -0.2400055
4.076 , -0.2700043
4.077 , -0.2299957
4.078 , -0.2700043
4.079 , -0.2299957
4.081 , -0.2600098
4.082 , -0.2600098
4.083 , -0.25
4.084 , -0.25
4.085 , -0.25
4.086 , -0.2700043
4.088 , -0.2700043
4.089 , -0.2700043
4.09 , -0.3000031
4.091 , -0.3000031
4.092 , -0.2600098
4.093 , -0.2899933
4.095 , -0.2899933
4.096 , -0.3099976
4.097 , -0.2799988
4.098 , -0.2799988
4.099 , -0.2799988
4.101 , -0.2700043
4.102 , -0.3000031
4.103 , -0.2599945
4.104 , -0.2899933
4.105 , -0.2899933
4.106 , -0.2799988
4.108 , -0.25
4.109 , -0.3000031
4.11 , -0.3300018
4.111 , -0.2700043
4.112 , -0.2900085
4.113 , -0.2799988
4.115 , -0.2799988
4.116 , -0.2700043
4.117 , -0.2700043
4.118 , -0.2700043
4.119 , -0.2700043
4.121 , -0.2599945
4.122 , -0.2599945
4.123 , -0.25
4.124 , -0.25
4.125 , -0.2899933
4.126 , -0.2799988
4.128 , -0.2799988
4.129 , -0.2799988
4.13 , -0.2299957
4.131 , -0.3399963
4.132 , -0.3399963
4.134 , -0.3600006
4.135 , -0.3300018
4.136 , -0.3200073
4.137 , -0.3200073
4.138 , -0.3200073
4.139 , -0.3200073
4.141 , -0.3099976
4.142 , -0.3099976
4.143 , -0.2599945
4.144 , -0.3000031
4.145 , -0.2599945
4.146 , -0.2900085
4.148 , -0.2900085
4.149 , -0.2900085
4.15 , -0.2799988
4.151 , -0.3099976
4.152 , -0.3099976
4.154 , -0.2700043
4.155 , -0.2700043
4.156 , -0.2299957
4.157 , -0.2600098
4.158 , -0.2600098
4.159 , -0.2600098
4.161 , -0.2799988
4.162 , -0.2799988
4.163 , -0.2400055
4.164 , -0.2700043
4.165 , -0.2700043
4.167 , -0.2299957
4.168 , -0.2599945
4.169 , -0.2599945
4.17 , -0.25
4.171 , -0.25
4.172 , -0.25
4.174 , -0.2600098
4.175 , -0.2400055
4.176 , -0.2600098
4.177 , -0.2299957
4.178 , -0.2299957
4.179 , -0.25
4.181 , -0.2400055
4.182 , -0.2200012
4.183 , -0.230011
4.184 , -0.2100067
4.185 , -0.230011
4.186 , -0.230011
4.188 , -0.2200012
4.189 , -0.2200012
4.19 , -0.25
4.191 , -0.25
4.192 , -0.2100067
4.193 , -0.2400055
4.194 , -0.2000122
4.196 , -0.3100128
4.197 , -0.2299957
4.198 , -0.2599945
4.199 , -0.2599945
4.2 , -0.25
4.202 , -0.2200012
4.203 , -0.2399902
4.204 , -0.2799988
4.205 , -0.2399902
4.206 , -0.2399902
4.207 , -0.2700043
4.209 , -0.2299957
4.21 , -0.2600098
4.211 , -0.2600098
4.212 , -0.2600098
4.213 , -0.25
4.214 , -0.2799988
4.216 , -0.2799988
4.217 , -0.2700043
4.218 , -0.2400055
4.219 , -0.2400055
4.22 , -0.2600098
4.222 , -0.2600098
4.223 , -0.25
4.224 , -0.25
4.225 , -0.2899933
4.226 , -0.25
4.227 , -0.2400055
4.229 , -0.2799988
4.23 , -0.2900085
4.231 , -0.2700043
4.232 , -0.2900085
4.233 , -0.2799988
4.235 , -0.2599945
4.236 , -0.2599945
4.237 , -0.25
4.238 , -0.2700043
4.239 , -0.25
4.24 , -0.2600098
4.242 , -0.2600098
4.243 , -0.2600098
4.244 , -0.2299957
4.245 , -0.25
4.246 , -0.2799988
4.248 , -0.2700043
4.249 , -0.2700043
4.25 , -0.2599945
4.251 , -0.2999878
4.252 , -0.2999878
4.254 , -0.25
4.255 , -0.2899933
4.256 , -0.2899933
4.257 , -0.2799988
4.258 , -0.2799988
4.259 , -0.2799988
4.261 , -0.269989
4.262 , -0.2999878
4.263 , -0.2999878
4.264 , -0.2599945
4.265 , -0.2899933
4.267 , -0.3200073
4.268 , -0.2799988
4.269 , -0.3200073
4.27 , -0.3099976
4.271 , -0.3099976
4.273 , -0.3300018
4.274 , -0.3200073
4.275 , -0.3200073
4.276 , -0.3200073
4.277 , -0.2900085
4.279 , -0.3400116
4.28 , -0.3300018
4.281 , -0.2799988
4.282 , -0.3300018
4.283 , -0.2799988
4.284 , -0.3600006
4.286 , -0.3600006
4.287 , -0.3499908
4.288 , -0.3099976
4.289 , -0.3499908
4.29 , -0.3399963
4.292 , -0.3399963
4.293 , -0.3699951
4.294 , -0.4000092
4.295 , -0.3600006
4.296 , -0.3600006
4.297 , -0.3899994
4.299 , -0.3899994
4.3 , -0.3399963
4.301 , -0.3399963
4.302 , -0.3399963
4.303 , -0.3399963
4.305 , -0.3700104
4.306 , -0.3700104
4.307 , -0.3899994
4.308 , -0.3899994
4.309 , -0.3899994
4.311 , -0.3800049
4.312 , -0.4199982
4.313 , -0.4199982
4.314 , -0.4100037
4.315 , -0.4100037
4.316 , -0.4100037
4.318 , -0.3300018
4.319 , -0.3600006
4.32 , -0.4199982
4.321 , -0.3899994
4.322 , -0.3899994
4.324 , -0.3800049
4.325 , -0.3800049
4.326 , -0.4000092
4.327 , -0.3899994
4.328 , -0.3899994
4.33 , -0.3899994
4.331 , -0.4100037
4.332 , -0.4100037
4.333 , -0.4499969
4.334 , -0.3999939
4.336 , -0.4399872
4.337 , -0.3899994
4.338 , -0.3600006
4.339 , -0.3899994
4.34 , -0.3899994
4.342 , -0.3800049
4.343 , -0.4199982
4.344 , -0.3699951
4.345 , -0.3699951
4.346 , -0.3699951
4.348 , -0.3999939
4.349 , -0.3999939
4.35 , -0.3999939
4.351 , -0.3899994
4.353 , -0.3899994
4.354 , -0.4099884
4.355 , -0.4099884
4.356 , -0.4099884
4.357 , -0.3699951
4.359 , -0.3999939
4.36 , -0.3999939
4.361 , -0.4300079
4.362 , -0.3899994
4.363 , -0.3899994
4.365 , -0.3799896
4.366 , -0.3499908
4.367 , -0.4100037
4.368 , -0.4100037
4.369 , -0.4100037
4.371 , -0.3999939
4.372 , -0.3999939
4.373 , -0.4199982
4.374 , -0.3899994
4.375 , -0.3899994
4.377 , -0.4000092
4.378 , -0.3800049
4.379 , -0.4000092
4.38 , -0.4000092
4.381 , -0.3899994
4.383 , -0.3699951
4.384 , -0.3800049
4.385 , -0.3800049
4.386 , -0.3600006
4.387 , -0.3700104
4.388 , -0.4000092
4.39 , -0.4400024
4.391 , -0.4299927
4.392 , -0.3899994
4.393 , -0.3899994
4.394 , -0.4199982
4.396 , -0.4199982
4.397 , -0.4499969
4.398 , -0.4100037
4.399 , -0.3700104
4.4 , -0.4100037
4.402 , -0.3999939
4.403 , -0.3600006
4.404 , -0.3899994
4.405 , -0.3500061
4.406 , -0.3899994
4.408 , -0.4100037
4.409 , -0.3800049
4.41 , -0.4100037
4.411 , -0.4400024
4.412 , -0.3699951
4.414 , -0.3899994
4.415 , -0.3899994
4.416 , -0.4300079
4.417 , -0.3899994
4.418 , -0.4199982
4.42 , -0.3799896
4.421 , -0.4100037
4.422 , -0.4100037
4.423 , -0.4100037
4.424 , -0.3600006
4.425 , -0.3600006
4.427 , -0.4000092
4.428 , -0.3899994
4.429 , -0.3899994
4.43 , -0.4099884
4.431 , -0.3800049
4.433 , -0.3800049
4.434 , -0.3899994
4.435 , -0.3899994
4.436 , -0.4600067
4.437 , -0.4199982
4.439 , -0.3799896
4.44 , -0.3600006
4.441 , -0.3699951
4.442 , -0.3500061
4.443 , -0.3699951
4.445 , -0.3600006
4.446 , -0.3899994
4.447 , -0.3600006
4.448 , -0.3499908
4.449 , -0.3799896
4.451 , -0.3699951
4.452 , -0.3699951
4.453 , -0.3699951
4.454 , -0.3999939
4.455 , -0.3999939
4.457 , -0.3999939
4.458 , -0.3899994
4.459 , -0.3899994
4.46 , -0.3899994
4.461 , -0.3399963
4.463 , -0.3399963
4.464 , -0.3699951
4.465 , -0.3299866
4.466 , -0.3699951
4.467 , -0.3699951
4.469 , -0.3600006
4.47 , -0.4499969
4.471 , -0.4199982
4.472 , -0.3800049
4.473 , -0.3800049
4.475 , -0.3699951
4.476 , -0.4099884
4.477 , -0.3699951
4.478 , -0.3600006
4.479 , -0.3999939
4.481 , -0.3500061
4.482 , -0.3899994
4.483 , -0.3500061
4.484 , -0.3899994
4.485 , -0.3399963
4.487 , -0.3799896
4.488 , -0.4400024
4.489 , -0.3899994
4.49 , -0.3899994
4.492 , -0.4300079
4.493 , -0.4300079
4.494 , -0.4300079
4.495 , -0.4199982
4.496 , -0.4199982
4.498 , -0.4100037
4.499 , -0.4100037
4.5 , -0.3600006
4.501 , -0.3999939
4.502 , -0.3999939
4.504 , -0.3999939
4.505 , -0.3899994
4.506 , -0.3899994
4.507 , -0.3899994
4.508 , -0.4000092
4.51 , -0.4000092
4.511 , -0.3899994
4.512 , -0.3899994
4.513 , -0.4199982
4.514 , -0.4199982
4.516 , -0.4100037
4.517 , -0.3800049
4.518 , -0.4000092
4.519 , -0.4000092
4.52 , -0.3700104
4.521 , -0.3899994
4.523 , -0.3899994
4.524 , -0.3600006
4.525 , -0.3800049
4.526 , -0.3800049
4.527 , -0.3800049
4.529 , -0.4100037
4.53 , -0.4100037
4.531 , -0.3999939
4.532 , -0.3999939
4.533 , -0.4199982
4.535 , -0.4100037
4.536 , -0.3899994
4.537 , -0.3500061
4.538 , -0.3799896
4.539 , -0.3799896
4.54 , -0.3399963
4.542 , -0.3899994
4.543 , -0.3899994
4.544 , -0.4400024
4.545 , -0.3600006
4.546 , -0.3800049
4.548 , -0.3699951
4.549 , -0.4199982
4.55 , -0.4199982
4.551 , -0.4199982
4.552 , -0.4100037
4.554 , -0.4100037
4.555 , -0.4500122
4.556 , -0.4900055
4.557 , -0.4000092
4.558 , -0.4400024
4.559 , -0.4400024
4.561 , -0.4400024
4.562 , -0.3800049
4.563 , -0.4300079
4.564 , -0.4300079
4.565 , -0.4600067
4.566 , -0.3700104
4.568 , -0.3600006
4.569 , -0.4100037
4.57 , -0.4499969
4.571 , -0.4499969
4.572 , -0.4600067
4.574 , -0.4400024
4.575 , -0.4300079
4.576 , -0.4300079
4.577 , -0.4300079
4.578 , -0.4400024
4.579 , -0.4400024
4.581 , -0.4199982
4.582 , -0.4300079
4.583 , -0.4300079
4.584 , -0.4799957
4.585 , -0.4199982
4.587 , -0.4199982
4.588 , -0.4100037
4.589 , -0.4599915
4.59 , -0.4599915
4.591 , -0.4799957
4.593 , -0.4499969
4.594 , -0.4700012
4.595 , -0.4399872
4.596 , -0.4599915
4.597 , -0.4599915
4.599 , -0.4299927
4.6 , -0.4499969
4.601 , -0.5
4.602 , -0.4400024
4.603 , -0.4400024
4.605 , -0.4299927
4.606 , -0.4299927
4.607 , -0.4799957
4.608 , -0.4700012
4.609 , -0.4700012
4.611 , -0.4900055
4.612 , -0.4600067
4.613 , -0.4600067
4.614 , -0.4600067
4.615 , -0.4499969
4.617 , -0.4700012
4.618 , -0.4400024
4.619 , -0.4600067
4.62 , -0.4600067
4.621 , -0.4400024
4.622 , -0.4299927
4.624 , -0.4499969
4.625 , -0.4400024
4.626 , -0.4400024
4.627 , -0.4400024
4.628 , -0.4700012
4.63 , -0.4300079
4.631 , -0.4300079
4.632 , -0.4499969
4.633 , -0.4899902
4.634 , -0.4499969
4.635 , -0.4799957
4.645 , -0.4499969
4.646 , -0.4100037
4.647 , -0.4700012
4.648 , -0.4700012
4.649 , -0.4400024
4.651 , -0.4600067
4.652 , -0.4499969
4.653 , -0.4499969
4.654 , -0.4499969
4.655 , -0.4900055
4.657 , -0.4400024
4.658 , -0.4400024
4.659 , -0.4300079
4.66 , -0.4300079
4.661 , -0.4100037
4.663 , -0.4199982
4.664 , -0.4199982
4.665 , -0.4100037
4.666 , -0.4100037
4.667 , -0.3899994
4.669 , -0.3799896
4.67 , -0.3799896
4.671 , -0.3799896
4.672 , -0.3300018
4.673 , -0.3699951
4.675 , -0.3200073
4.676 , -0.2700043
4.677 , -0.2900085
4.678 , -0.2700043
4.679 , -0.2599945
4.681 , -0.2599945
4.682 , -0.1999969
4.683 , -0.1999969
4.684 , -0.1799927
4.685 , -0.1699982
4.687 , -0.1000061
4.688 , -0.1200104
4.689 , -0.08999634
4.69 , -0.08999634
4.692 , -0.08000183
4.693 , -0.04000854
4.694 , -0.04000854
4.696 , 0.06999207
4.697 , 0.08999634
4.699 , 0.1000061
4.7 , 0.1000061
4.701 , 0.1699982
4.702 , 0.1799927
4.703 , 0.1999969
4.705 , 0.1999969
4.706 , 0.2100067
4.707 , 0.2600098
4.708 , 0.280014
4.709 , 0.3300018
4.71 , 0.3300018
4.712 , 0.3000031
4.713 , 0.3399963
4.714 , 0.3699951
4.715 , 0.3699951
4.716 , 0.4200134
4.717 , 0.4200134
4.719 , 0.4600067
4.72 , 0.4600067
4.721 , 0.4600067
4.722 , 0.4700012
4.723 , 0.4700012
4.724 , 0.5299988
4.726 , 0.5
4.727 , 0.5400085
4.728 , 0.5
4.729 , 0.5500031
4.73 , 0.5500031
4.731 , 0.5500031
4.732 , 0.5599976
4.734 , 0.519989
4.735 , 0.5599976
4.736 , 0.5700073
4.737 , 0.5299988
4.738 , 0.5700073
4.74 , 0.5800018
4.741 , 0.6100006
4.742 , 0.6199951
4.743 , 0.5899963
4.744 , 0.6199951
4.746 , 0.6000061
4.747 , 0.6300049
4.748 , 0.6300049
4.749 , 0.6399994
4.75 , 0.6399994
4.751 , 0.6399994
4.753 , 0.6200104
4.754 , 0.6200104
4.755 , 0.6200104
4.756 , 0.6300049
4.757 , 0.6300049
4.758 , 0.5899963
4.76 , 0.5999908
4.761 , 0.5999908
4.762 , 0.6500092
4.763 , 0.5900116
4.764 , 0.5900116
4.766 , 0.6000061
4.767 , 0.5700073
4.768 , 0.5700073
4.769 , 0.5800018
4.77 , 0.5399933
4.771 , 0.5099945
4.773 , 0.480011
4.774 , 0.4600067
4.775 , 0.4600067
4.776 , 0.4700012
4.777 , 0.4199982
4.779 , 0.4099884
4.78 , 0.4299927
4.781 , 0.4299927
4.782 , 0.4199982
4.783 , 0.4199982
4.785 , 0.3500061
4.786 , 0.3399963
4.787 , 0.3399963
4.788 , 0.3399963
4.789 , 0.3000031
4.791 , 0.25
4.792 , 0.25
4.793 , 0.2200012
4.794 , 0.2200012
4.795 , 0.1500092
4.796 , 0.1600037
4.797 , 0.1600037
4.799 , 0.1700134
4.8 , 0.1500092
4.801 , 0.1500092
4.802 , 0.1500092
4.803 , 0.1100006
4.804 , 0.08999634
4.806 , 0.06999207
4.807 , 0.02999878
4.809 , 0.04000854
4.81 , 0.02000427
4.811 , 0.02000427
4.813 , -0.02000427
4.814 , -0.03999329
4.816 , -0.01000977
4.817 , -0.02999878
4.818 , -0.02999878
4.82 , -0.01998901
4.821 , -0.05000305
4.822 , -0.01998901
4.824 , -0.04000854
4.825 , -0.04000854
4.827 , -0.0900116
4.828 , -0.1400146
4.829 , -0.08000183
4.831 , -0.1300049
4.832 , -0.1300049
4.833 , -0.1699982
4.834 , -0.1399994
4.835 , -0.1699982
4.837 , -0.1599884
4.838 , -0.1599884
4.839 , -0.1499939
4.84 , -0.1499939
4.841 , -0.1499939
4.843 , -0.1800079
4.844 , -0.1800079
4.845 , -0.1999969
4.846 , -0.1699982
4.848 , -0.1899872
4.849 , -0.1600037
4.85 , -0.1600037
4.851 , -0.2299957
4.852 , -0.1799927
4.854 , -0.2400055
4.855 , -0.2200012
4.856 , -0.2099915
4.857 , -0.1599884
4.858 , -0.2099915
4.86 , -0.1999969
4.861 , -0.1999969
4.862 , -0.1999969
4.863 , -0.2100067
4.864 , -0.1900024
4.866 , -0.1999969
4.867 , -0.1999969
4.868 , -0.1999969
4.869 , -0.25
4.87 , -0.2400055
4.872 , -0.2600098
4.873 , -0.1799927
4.874 , -0.2299957
4.875 , -0.25
4.876 , -0.2400055
4.878 , -0.2400055
4.879 , -0.2400055
4.88 , -0.230011
4.881 , -0.25
4.882 , -0.230011
4.883 , -0.2399902
4.885 , -0.2899933
4.886 , -0.2299957
4.887 , -0.2799988
4.888 , -0.2799988
4.889 , -0.2799988
4.891 , -0.2900085
4.892 , -0.2700043
4.893 , -0.2799988
4.894 , -0.2799988
4.896 , -0.2700043
4.897 , -0.2700043
4.898 , -0.2700043
4.899 , -0.25
4.9 , -0.2600098
4.901 , -0.2400055
4.903 , -0.25
4.904 , -0.2299957
4.905 , -0.25
4.906 , -0.2400055
4.907 , -0.2400055
4.908 , -0.2900085
4.91 , -0.3000031
4.911 , -0.280014
4.912 , -0.3000031
4.913 , -0.2899933
4.914 , -0.2899933
4.916 , -0.2799988
4.917 , -0.2799988
4.918 , -0.2799988
4.919 , -0.2799988
4.921 , -0.269989
4.922 , -0.269989
4.923 , -0.2599945
4.924 , -0.2400055
4.925 , -0.2599945
4.926 , -0.25
4.928 , -0.25
4.929 , -0.25
4.93 , -0.2599945
4.931 , -0.2599945
4.932 , -0.2599945
4.933 , -0.25
4.935 , -0.25
4.936 , -0.2200012
4.937 , -0.2400055
4.938 , -0.2200012
4.939 , -0.2200012
4.94 , -0.2099915
4.942 , -0.2099915
4.943 , -0.2200012
4.944 , -0.1999969
4.945 , -0.1999969
4.946 , -0.1800079
4.948 , -0.1900024
4.949 , -0.1900024
4.95 , -0.1799927
4.951 , -0.1799927
4.952 , -0.1799927
4.954 , -0.1699982
4.955 , -0.1699982
4.956 , -0.1900024
4.957 , -0.1799927
4.959 , -0.1799927
4.96 , -0.1699982
4.961 , -0.1499939
4.962 , -0.1499939
4.964 , -0.1600037
4.965 , -0.1600037
4.966 , -0.1399994
4.967 , -0.1499939
4.968 , -0.1499939
4.969 , -0.1999969
4.971 , -0.1399994
4.972 , -0.1399994
4.973 , -0.1800079
4.974 , -0.1300049
4.975 , -0.1300049
4.977 , -0.1699982
4.978 , -0.1699982
4.979 , -0.1199951
4.98 , -0.1100006
4.981 , -0.1100006
4.983 , -0.1500092
4.984 , -0.1000061
4.985 , -0.1500092
4.986 , -0.1500092
4.987 , -0.08999634
4.989 , -0.1399994
4.99 , -0.1300049
4.991 , -0.1500092
4.992 , -0.1500092
4.994 , -0.1400146
4.995 , -0.1400146
4.996 , -0.1400146
4.997 , -0.1300049
4.998 , -0.1300049
4.999 , -0.1300049
5.001 , -0.1000061
5.002 , -0.1000061
5.003 , -0.1100006
5.004 , -0.1100006
5.005 , -0.08999634
5.007 , -0.1000061
5.008 , -0.1000061
5.009 , -0.1699982
5.01 , -0.0900116
5.012 , -0.1800079
5.013 , -0.1699982
5.014 , -0.1699982
5.015 , -0.1699982
5.016 , -0.1699982
5.018 , -0.1399994
5.019 , -0.1600037
5.02 , -0.06001282
5.021 , -0.1500092
5.022 , -0.1500092
5.024 , -0.1399994
5.025 , -0.1399994
5.026 , -0.1399994
5.027 , -0.1100006
5.028 , -0.1600037
5.03 , -0.1200104
5.031 , -0.1500092
5.032 , -0.1500092
5.033 , -0.1500092
5.034 , -0.1399994
5.035 , -0.1399994
5.037 , -0.1999969
5.038 , -0.1300049
5.039 , -0.1699982
5.04 , -0.1599884
5.041 , -0.1599884
5.043 , -0.1899872
5.044 , -0.1799927
5.045 , -0.1799927
5.046 , -0.1799927
5.047 , -0.1699982
5.049 , -0.2100067
5.05 , -0.1999969
5.051 , -0.2299957
5.052 , -0.1999969
5.053 , -0.1999969
5.055 , -0.2200012
5.056 , -0.2200012
5.057 , -0.2100067
5.058 , -0.2100067
5.059 , -0.1800079
5.06 , -0.1699982
5.062 , -0.1999969
5.063 , -0.1999969
5.064 , -0.1900024
5.065 , -0.1900024
5.066 , -0.1900024
5.067 , -0.1800079
5.069 , -0.2200012
5.07 , -0.2099915
5.071 , -0.2599945
5.072 , -0.2299957
5.073 , -0.2299957
5.075 , -0.25
5.076 , -0.2200012
5.077 , -0.2400055
5.078 , -0.2100067
5.079 , -0.2400055
5.08 , -0.2299957
5.082 , -0.1999969
5.083 , -0.2299957
5.084 , -0.2600098
5.085 , -0.2600098
5.086 , -0.2900085
5.087 , -0.2099915
5.089 , -0.25
5.09 , -0.2400055
5.091 , -0.2700043
5.092 , -0.2700043
5.093 , -0.2700043
5.094 , -0.3000031
5.096 , -0.3000031
5.097 , -0.25
5.098 , -0.25
5.099 , -0.25
5.1 , -0.2899933
5.101 , -0.2400055
5.103 , -0.2400055
5.104 , -0.230011
5.105 , -0.230011
5.106 , -0.2900085
5.107 , -0.2599945
5.108 , -0.2799988
5.11 , -0.2799988
5.111 , -0.2700043
5.112 , -0.3200073
5.113 , -0.3200073
5.114 , -0.3100128
5.116 , -0.3100128
5.117 , -0.3000031
5.118 , -0.25
5.119 , -0.25
5.12 , -0.3000031
5.121 , -0.2900085
5.122 , -0.2900085
5.124 , -0.2799988
5.125 , -0.2799988
5.126 , -0.2799988
5.127 , -0.3199921
5.128 , -0.3199921
5.13 , -0.3399963
5.131 , -0.3099976
5.132 , -0.3099976
5.133 , -0.3300018
5.134 , -0.3199921
5.136 , -0.3600006
5.137 , -0.2899933
5.138 , -0.3099976
5.139 , -0.3500061
5.14 , -0.2899933
5.142 , -0.3000031
5.143 , -0.3000031
5.144 , -0.2899933
5.145 , -0.2899933
5.146 , -0.3300018
5.147 , -0.2799988
5.149 , -0.3500061
5.15 , -0.3200073
5.151 , -0.3100128
5.152 , -0.3800049
5.153 , -0.3800049
5.154 , -0.3300018
5.156 , -0.3300018
5.157 , -0.3600006
5.158 , -0.3200073
5.159 , -0.3200073
5.16 , -0.3200073
5.162 , -0.3100128
5.163 , -0.3500061
5.164 , -0.3000031
5.165 , -0.3699951
5.166 , -0.3000031
5.167 , -0.3600006
5.168 , -0.3300018
5.17 , -0.3300018
5.171 , -0.3499908
5.172 , -0.3499908
5.173 , -0.3499908
5.174 , -0.3399963
5.175 , -0.3600006
5.177 , -0.3399963
5.178 , -0.3300018
5.179 , -0.3899994
5.18 , -0.3300018
5.181 , -0.3199921
5.183 , -0.3399963
5.184 , -0.3099976
5.185 , -0.3300018
5.186 , -0.3099976
5.187 , -0.3699951
5.189 , -0.3200073
5.19 , -0.3200073
5.191 , -0.3499908
5.192 , -0.3499908
5.193 , -0.3099976
5.195 , -0.3399963
5.196 , -0.3399963
5.197 , -0.3699951
5.198 , -0.3300018
5.199 , -0.3300018
5.201 , -0.3199921
5.202 , -0.3199921
5.203 , -0.2799988
5.204 , -0.2700043
5.205 , -0.3399963
5.206 , -0.3099976
5.208 , -0.2999878
5.209 , -0.3299866
5.21 , -0.3299866
5.211 , -0.3199921
5.213 , -0.3199921
5.214 , -0.3500061
5.215 , -0.3500061
5.216 , -0.3800049
5.217 , -0.3099976
5.218 , -0.269989
5.22 , -0.3399963
5.221 , -0.2899933
5.222 , -0.2899933
5.223 , -0.2899933
5.224 , -0.3500061
5.225 , -0.2799988
5.227 , -0.3200073
5.228 , -0.3099976
5.229 , -0.3399963
5.23 , -0.3399963
5.231 , -0.3000031
5.232 , -0.3500061
5.234 , -0.3400116
5.235 , -0.3400116
5.236 , -0.3400116
5.237 , -0.3200073
5.238 , -0.3099976
5.24 , -0.3300018
5.241 , -0.3000031
5.242 , -0.3200073
5.243 , -0.3200073
5.244 , -0.3500061
5.245 , -0.3100128
5.247 , -0.3100128
5.248 , -0.3399963
5.249 , -0.3000031
5.25 , -0.3399963
5.251 , -0.3600006
5.252 , -0.3300018
5.253 , -0.3600006
5.255 , -0.3199921
5.256 , -0.3199921
5.257 , -0.2799988
5.258 , -0.3099976
5.259 , -0.3099976
5.261 , -0.3300018
5.262 , -0.2600098
5.263 , -0.3000031
5.264 , -0.3300018
5.265 , -0.2899933
5.266 , -0.2899933
5.268 , -0.3099976
5.269 , -0.3099976
5.27 , -0.3500061
5.271 , -0.3000031
5.272 , -0.3000031
5.274 , -0.3400116
5.275 , -0.3300018
5.276 , -0.2899933
5.277 , -0.3300018
5.278 , -0.3200073
5.28 , -0.3200073
5.281 , -0.3100128
5.282 , -0.3100128
5.283 , -0.2700043
5.284 , -0.3100128
5.285 , -0.3300018
5.286 , -0.3000031
5.288 , -0.3200073
5.289 , -0.2900085
5.29 , -0.3399963
5.291 , -0.3099976
5.292 , -0.3299866
5.294 , -0.3099976
5.295 , -0.3000031
5.296 , -0.3000031
5.297 , -0.3199921
5.298 , -0.2900085
5.3 , -0.2600098
5.301 , -0.2799988
5.302 , -0.2999878
5.303 , -0.2799988
5.304 , -0.2999878
5.306 , -0.2700043
5.307 , -0.2899933
5.308 , -0.3200073
5.309 , -0.3200073
5.31 , -0.2799988
5.311 , -0.3099976
5.313 , -0.269989
5.314 , -0.3099976
5.315 , -0.3000031
5.324 , -0.3099976
5.325 , -0.3399963
5.326 , -0.2700043
5.328 , -0.2600098
5.329 , -0.2900085
5.33 , -0.2600098
5.331 , -0.3199921
5.332 , -0.2799988
5.334 , -0.3199921
5.335 , -0.3099976
5.336 , -0.3099976
5.337 , -0.3099976
5.338 , -0.2999878
5.34 , -0.2599945
5.341 , -0.2999878
5.342 , -0.2899933
5.343 , -0.2899933
5.345 , -0.2799988
5.346 , -0.3099976
5.347 , -0.2799988
5.348 , -0.269989
5.349 , -0.269989
5.351 , -0.2999878
5.352 , -0.2899933
5.353 , -0.2899933
5.354 , -0.2899933
5.355 , -0.2799988
5.357 , -0.3200073
5.358 , -0.3099976
5.359 , -0.269989
5.36 , -0.269989
5.361 , -0.269989
5.363 , -0.3000031
5.364 , -0.3000031
5.365 , -0.2900085
5.366 , -0.2900085
5.367 , -0.3200073
5.368 , -0.3300018
5.37 , -0.3300018
5.371 , -0.3099976
5.372 , -0.3000031
5.373 , -0.3600006
5.374 , -0.3600006
5.375 , -0.3099976
5.377 , -0.3099976
5.378 , -0.3000031
5.379 , -0.3399963
5.38 , -0.3399963
5.381 , -0.3000031
5.383 , -0.3300018
5.384 , -0.2900085
5.385 , -0.3199921
5.386 , -0.3199921
5.387 , -0.3199921
5.389 , -0.2700043
5.39 , -0.3399963
5.391 , -0.3399963
5.392 , -0.3300018
5.393 , -0.3300018
5.394 , -0.3700104
5.396 , -0.3600006
5.397 , -0.3199921
5.398 , -0.3099976
5.399 , -0.3099976
5.401 , -0.3099976
5.402 , -0.2700043
5.403 , -0.3000031
5.404 , -0.3000031
5.405 , -0.3300018
5.406 , -0.3300018
5.407 , -0.3600006
5.409 , -0.3200073
5.41 , -0.3500061
5.411 , -0.3200073
5.412 , -0.3400116
5.413 , -0.3100128
5.414 , -0.3400116
5.416 , -0.3300018
5.417 , -0.3300018
5.418 , -0.3000031
5.419 , -0.2900085
5.42 , -0.3200073
5.421 , -0.3200073
5.423 , -0.3299866
5.424 , -0.3099976
5.425 , -0.3199921
5.426 , -0.3199921
5.427 , -0.3000031
5.429 , -0.3099976
5.43 , -0.2900085
5.431 , -0.3500061
5.432 , -0.2999878
5.433 , -0.3399963
5.434 , -0.3399963
5.436 , -0.2899933
5.437 , -0.3300018
5.438 , -0.3300018
5.439 , -0.2799988
5.44 , -0.3200073
5.442 , -0.269989
5.443 , -0.3099976
5.444 , -0.3099976
5.445 , -0.2599945
5.446 , -0.3000031
5.448 , -0.3300018
5.449 , -0.2900085
5.45 , -0.3200073
5.451 , -0.3200073
5.452 , -0.3099976
5.453 , -0.3499908
5.455 , -0.3000031
5.456 , -0.3399963
5.457 , -0.3000031
5.458 , -0.3399963
5.459 , -0.3299866
5.461 , -0.2899933
5.462 , -0.3199921
5.463 , -0.25
5.464 , -0.25
5.465 , -0.2700043
5.467 , -0.2700043
5.468 , -0.3099976
5.469 , -0.2999878
5.47 , -0.2999878
5.472 , -0.2200012
5.473 , -0.2200012
5.474 , -0.25
5.475 , -0.2400055
5.476 , -0.2799988
5.477 , -0.2400055
5.479 , -0.2299957
5.48 , -0.2299957
5.481 , -0.2299957
5.482 , -0.1900024
5.483 , -0.1900024
5.485 , -0.1399994
5.486 , -0.1399994
5.487 , -0.1800079
5.488 , -0.1399994
5.489 , -0.1699982
5.491 , -0.1299896
5.492 , -0.1199951
5.493 , -0.1199951
5.494 , -0.1600037
5.495 , -0.1000061
5.497 , -0.0900116
5.498 , -0.06001282
5.499 , -0.05000305
5.501 , -0.009994507
5.502 , 0.06999207
5.503 , 0.06999207
5.505 , 0.02999878
5.506 , 0.1000061
5.507 , 0.1000061
5.509 , 0.1100006
5.51 , 0.1100006
5.511 , 0.1399994
5.512 , 0.1900024
5.513 , 0.2200012
5.514 , 0.2200012
5.515 , 0.2200012
5.517 , 0.2700043
5.518 , 0.2700043
5.519 , 0.3500061
5.52 , 0.3500061
5.521 , 0.3999939
5.522 , 0.4099884
5.524 , 0.4099884
5.525 , 0.4099884
5.526 , 0.4600067
5.527 , 0.4900055
5.528 , 0.5299988
5.53 , 0.5
5.531 , 0.5
5.532 , 0.5099945
5.533 , 0.5499878
5.534 , 0.5699921
5.535 , 0.5999908
5.537 , 0.6100006
5.538 , 0.6500092
5.539 , 0.6600037
5.54 , 0.6600037
5.541 , 0.6900024
5.543 , 0.7000122
5.544 , 0.7000122
5.545 , 0.7400055
5.546 , 0.75
5.547 , 0.75
5.548 , 0.7700043
5.549 , 0.7599945
5.551 , 0.7599945
5.552 , 0.7700043
5.553 , 0.7900085
5.554 , 0.7900085
5.555 , 0.7900085
5.557 , 0.8300018
5.558 , 0.8000031
5.559 , 0.8399963
5.56 , 0.8099976
5.561 , 0.8399963
5.563 , 0.8500061
5.564 , 0.8200073
5.565 , 0.8500061
5.566 , 0.8300018
5.567 , 0.8300018
5.568 , 0.8300018
5.57 , 0.8399963
5.571 , 0.8399963
5.572 , 0.8199921
5.573 , 0.7900085
5.574 , 0.7600098
5.576 , 0.7700043
5.577 , 0.7700043
5.578 , 0.7700043
5.579 , 0.7399902
5.58 , 0.7399902
5.581 , 0.7399902
5.583 , 0.75
5.584 , 0.7200012
5.585 , 0.75
5.586 , 0.7299957
5.587 , 0.6699982
5.589 , 0.6800079
5.59 , 0.6500092
5.591 , 0.6500092
5.592 , 0.6500092
5.593 , 0.5899963
5.594 , 0.5899963
5.596 , 0.5999908
5.597 , 0.5800018
5.598 , 0.5800018
5.599 , 0.5900116
5.6 , 0.5500031
5.602 , 0.5200043
5.603 , 0.5299988
5.604 , 0.4900055
5.605 , 0.4600067
5.606 , 0.4700012
5.607 , 0.4299927
5.609 , 0.4400024
5.61 , 0.4400024
5.611 , 0.3899994
5.612 , 0.3899994
5.613 , 0.3600006
5.614 , 0.3300018
5.616 , 0.3699951
5.617 , 0.2999878
5.618 , 0.2999878
5.619 , 0.2799988
5.62 , 0.2799988
5.622 , 0.2600098
5.623 , 0.2700043
5.624 , 0.2299957
5.625 , 0.2299957
5.626 , 0.2400055
5.628 , 0.1700134
5.629 , 0.1800079
5.63 , 0.1800079
5.631 , 0.1500092
5.632 , 0.1800079
5.633 , 0.1600037
5.635 , 0.09999084
5.636 , 0.1100006
5.637 , 0.08000183
5.638 , 0.1100006
5.64 , 0.08999634
5.641 , 0.08999634
5.642 , 0.08999634
5.644 , 0.09999084
5.645 , 0.05999756
5.647 , 0.07000732
5.648 , 0.04000854
5.649 , 0.04000854
5.651 , 0.009994507
5.652 , 0.009994507
5.654 , 0.0
5.655 , 0.0
5.656 , -0.01998901
5.657 , -0.01998901
5.659 , 0.01000977
5.66 , -0.009994507
5.662 , -0.009994507
5.663 , 0.0
5.664 , -0.04000854
5.666 , 0.01000977
5.667 , -0.02999878
5.669 , -0.02999878
5.67 , -0.02000427
5.671 , -0.08999634
5.673 , -0.07998657
5.674 , -0.07998657
5.676 , -0.06999207
5.677 , -0.08999634
5.678 , -0.06999207
5.68 , -0.05999756
5.681 , -0.05999756
5.683 , -0.04998779
5.684 , -0.04998779
5.686 , -0.03999329
5.687 , -0.05999756
5.688 , -0.03999329
5.69 , -0.05000305
5.691 , -0.05000305
5.693 , -0.03999329
5.694 , -0.06999207
5.695 , -0.06999207
5.697 , -0.02999878
5.698 , -0.05999756
5.7 , -0.05000305
5.701 , -0.05000305
5.702 , -0.05000305
5.704 , -0.03999329
5.705 , -0.03999329
5.707 , -0.07000732
5.708 , -0.07000732
5.709 , -0.1000061
5.71 , -0.05999756
5.712 , -0.08999634
5.713 , -0.08000183
5.715 , -0.08000183
5.716 , -0.1100006
5.717 , -0.1100006
5.718 , -0.1100006
5.72 , -0.02999878
5.721 , -0.09999084
5.722 , -0.05999756
5.724 , -0.08999634
5.725 , -0.05000305
5.727 , -0.08000183
5.728 , -0.1000061
5.729 , -0.08000183
5.73 , -0.06999207
5.732 , -0.08999634
5.733 , -0.08000183
5.735 , -0.08000183
5.736 , -0.08000183
5.737 , -0.07000732
5.739 , -0.07000732
5.74 , -0.03999329
5.742 , -0.03999329
5.743 , -0.02999878
5.744 , -0.05000305
5.746 , -0.05000305
5.747 , -0.04000854
5.748 , -0.04000854
5.75 , -0.02999878
5.751 , -0.009994507
5.753 , -0.02000427
5.754 , -0.08999634
5.755 , -0.02000427
5.757 , -0.009994507
5.758 , -0.009994507
5.76 , 0.0
5.761 , 0.0
5.762 , 0.0
5.763 , -0.04000854
5.765 , 0.009994507
5.766 , -0.04000854
5.768 , 0.02000427
5.769 , -0.02999878
5.77 , -0.02000427
5.772 , -0.02000427
5.773 , -0.01000977
5.775 , 0.03999329
5.776 , -0.02999878
5.777 , 0.05000305
5.779 , 0.0
5.78 , 0.05999756
5.781 , 0.05999756
5.783 , 0.06999207
5.784 , 0.06999207
5.786 , 0.06999207
5.787 , 0.08000183
5.788 , 0.08000183
5.79 , 0.08999634
5.791 , 0.03999329
5.793 , 0.05000305
5.794 , 0.05000305
5.795 , 0.05000305
5.797 , 0.05999756
5.798 , 0.05999756
5.799 , 0.1100006
5.801 , 0.06999207
5.802 , 0.1199951
5.803 , 0.06999207
5.805 , 0.06001282
5.806 , 0.1500092
5.807 , 0.07000732
5.809 , 0.08999634
5.81 , 0.08000183
5.811 , 0.09999084
5.813 , 0.08000183
5.814 , 0.0900116
5.815 , 0.1100006
5.817 , 0.1000061
5.818 , 0.1000061
5.819 , 0.1000061
5.82 , 0.1299896
5.821 , 0.1299896
5.822 , 0.1100006
5.823 , 0.1100006
5.825 , 0.1399994
5.826 , 0.08999634
5.827 , 0.09999084
5.829 , 0.09999084
5.83 , 0.06999207
5.832 , 0.06999207
5.833 , 0.06999207
5.834 , 0.08000183
5.836 , 0.08000183
5.837 , 0.1299896
5.838 , 0.05999756
5.84 , 0.1000061
5.841 , 0.1000061
5.842 , 0.1000061
5.843 , 0.1000061
5.844 , 0.08000183
5.846 , 0.08000183
5.847 , 0.1199951
5.848 , 0.08999634
5.85 , 0.06001282
5.851 , 0.1000061
5.852 , 0.06001282
5.854 , 0.07000732
5.855 , 0.05000305
5.856 , 0.05000305
5.858 , 0.08000183
5.859 , 0.05999756
5.861 , 0.07000732
5.862 , 0.07000732
5.863 , 0.0900116
5.865 , 0.08000183
5.866 , 0.08000183
5.867 , 0.08999634
5.869 , 0.05999756
5.87 , 0.07000732
5.872 , 0.02999878
5.873 , 0.02999878
5.875 , 0.03999329
5.876 , 0.009994507
5.877 , 0.05000305
5.879 , 0.05000305
5.88 , 0.02999878
5.882 , 0.05999756
5.883 , 0.05999756
5.884 , 0.03999329
5.886 , 0.03999329
5.887 , 0.05000305
5.889 , 0.01000977
5.89 , 0.05000305
5.891 , 0.0
5.893 , 0.02000427
5.894 , 0.02999878
5.895 , 0.009994507
5.897 , -0.009994507
5.898 , 0.02000427
5.9 , 0.04000854
5.901 , 0.05000305
5.902 , 0.0
5.904 , 0.03999329
5.905 , 0.009994507
5.906 , 0.009994507
5.908 , -0.01998901
5.909 , -0.01998901
5.911 , 0.02999878
5.912 , -0.009994507
5.914 , -0.03001404
5.915 , -0.07000732
5.917 , -0.02000427
5.918 , -0.02000427
5.919 , -0.02000427
5.921 , -0.01000977
5.922 , -0.01000977
5.923 , -0.01000977
5.925 , 0.0
5.926 , -0.03999329
5.927 , -0.02999878
5.929 , -0.02999878
5.93 , -0.05000305
5.931 , -0.04000854
5.933 , -0.04000854
5.934 , -0.02999878
5.936 , -0.02999878
5.937 , -0.07000732
5.938 , -0.07000732
5.94 , -0.02000427
5.941 , -0.06001282
5.943 , -0.06001282
5.944 , -0.06999207
5.945 , -0.06999207
5.947 , -0.05999756
5.948 , -0.05999756
5.95 , -0.05999756
5.951 , -0.05000305
5.953 , -0.08000183
5.954 , -0.06999207
5.955 , -0.1100006
5.957 , -0.02999878
5.958 , -0.02999878
5.959 , -0.05999756
5.961 , -0.04998779
5.962 , -0.04998779
5.964 , -0.03999329
5.965 , -0.03999329
5.966 , -0.08000183
5.968 , -0.07000732
5.969 , -0.07000732
5.971 , -0.07998657
5.972 , -0.05999756
5.973 , -0.07998657
5.975 , -0.06999207
5.976 , -0.06999207
5.978 , -0.05999756
5.979 , -0.05999756
5.981 , -0.04998779
5.982 , -0.04998779
5.983 , -0.09999084
5.985 , -0.08999634
5.986 , -0.1100006
5.987 , -0.03999329
5.989 , -0.08000183
5.99 , -0.1000061
5.992 , -0.08999634
5.993 , -0.08999634
5.994 , -0.08000183
5.996 , -0.1100006
5.997 , -0.05999756
5.998 , -0.05000305
6.0 , -0.07000732
6.001 , -0.05999756
6.003 , -0.08999634
6.004 , -0.05000305
6.005 , -0.08000183
6.007 , -0.1200104
6.008 , -0.01998901
6.009 , -0.1100006
6.01 , -0.06999207
6.012 , -0.1000061
6.013 , -0.05999756
6.014 , -0.0900116
6.016 , -0.0900116
6.017 , -0.05000305
6.018 , -0.08000183
6.02 , -0.08000183
6.021 , -0.07000732
6.022 , -0.08999634
6.024 , -0.06001282
6.025 , -0.08000183
6.027 , -0.08000183
6.028 , -0.06999207
6.029 , -0.06999207
6.031 , -0.1100006
6.032 , -0.1100006
6.033 , -0.04000854
6.034 , -0.05000305
6.036 , -0.1000061
6.037 , -0.1000061
6.038 , -0.08999634
6.04 , -0.03999329
6.041 , -0.08000183
6.042 , -0.08000183
6.044 , -0.08000183
6.053 , -0.07000732
6.054 , -0.07000732
6.056 , -0.05999756
6.057 , -0.05999756
6.059 , -0.1000061
6.06 , -0.05000305
6.061 , -0.04000854
6.062 , -0.04000854
6.064 , -0.04000854
6.065 , -0.08000183
6.067 , -0.08000183
6.068 , -0.08999634
6.069 , -0.08999634
6.071 , -0.06001282
6.072 , -0.08000183
6.073 , -0.08000183
6.075 , -0.06999207
6.076 , -0.06999207
6.078 , -0.05999756
6.079 , -0.05999756
6.081 , -0.05000305
6.082 , -0.07000732
6.083 , -0.03001404
6.085 , -0.02000427
6.086 , -0.03999329
6.087 , -0.03999329
6.089 , -0.02999878
6.09 , -0.1000061
6.091 , -0.03999329
6.093 , -0.08999634
6.094 , -0.03999329
6.096 , -0.02999878
6.097 , -0.02999878
6.098 , -0.02000427
6.1 , -0.02000427
6.101 , -0.05999756
6.103 , -0.05999756
6.104 , -0.009994507
6.105 , 0.0
6.107 , -0.05000305
6.108 , -0.04000854
6.109 , -0.04000854
6.111 , -0.05000305
6.112 , -0.05000305
6.113 , -0.09999084
6.115 , -0.08999634
6.116 , -0.04000854
6.118 , -0.01000977
6.119 , -0.03001404
6.12 , -0.03001404
6.122 , -0.02000427
6.123 , -0.06999207
6.124 , -0.06999207
6.126 , -0.05999756
6.127 , -0.01000977
6.129 , 0.0
6.13 , -0.04998779
6.131 , -0.04998779
6.133 , -0.05999756
6.134 , -0.05999756
6.135 , -0.05000305
6.137 , -0.05000305
6.138 , -0.03999329
6.139 , -0.03999329
6.141 , -0.03999329
6.142 , -0.02999878
6.144 , -0.009994507
6.145 , -0.02000427
6.147 , -0.02000427
6.148 , -0.03999329
6.149 , -0.03999329
6.151 , -0.08000183
6.152 , -0.02999878
6.154 , -0.02999878
6.155 , -0.06001282
6.156 , -0.02000427
6.158 , -0.05000305
6.159 , -0.05000305
6.161 , -0.05000305
6.162 , 0.0
6.163 , -0.04000854
6.164 , -0.04000854
6.166 , -0.03001404
6.167 , -0.03001404
6.169 , -0.02000427
6.17 , -0.03999329
6.171 , -0.02000427
6.173 , -0.02999878
6.174 , -0.08000183
6.175 , -0.01998901
6.177 , -0.01998901
6.178 , -0.009994507
6.18 , -0.05999756
6.181 , -0.009994507
6.183 , -0.05000305
6.184 , 0.0
6.185 , -0.03999329
6.186 , -0.05999756
6.188 , -0.02999878
6.189 , -0.05000305
6.191 , -0.08000183
6.192 , -0.04000854
6.193 , -0.1300049
6.195 , -0.1199951
6.196 , -0.09999084
6.197 , -0.09999084
6.199 , -0.1100006
6.2 , -0.1100006
6.201 , -0.1100006
6.202 , -0.08000183
6.203 , -0.1000061
6.205 , -0.08999634
6.206 , -0.08999634
6.207 , -0.1399994
6.209 , -0.1300049
6.21 , -0.05999756
6.211 , -0.1300049
6.212 , -0.1199951
6.214 , -0.1199951
6.215 , -0.1100006
6.216 , -0.1300049
6.217 , -0.1300049
6.218 , -0.1100006
6.219 , -0.1200104
6.221 , -0.1000061
6.222 , -0.1100006
6.223 , -0.08999634
6.224 , -0.08999634
6.226 , -0.1000061
6.227 , -0.08000183
6.228 , -0.1499939
6.229 , -0.1399994
6.231 , -0.1399994
6.232 , -0.1299896
6.233 , -0.1299896
6.234 , -0.1299896
6.235 , -0.1199951
6.237 , -0.1199951
6.238 , -0.1199951
6.239 , -0.1100006
6.24 , -0.1100006
6.241 , -0.1100006
6.243 , -0.1199951
6.244 , -0.09999084
6.245 , -0.08999634
6.247 , -0.1100006
6.248 , -0.1100006
6.249 , -0.1000061
6.25 , -0.1200104
6.251 , -0.1200104
6.252 , -0.08999634
6.254 , -0.1100006
6.255 , -0.1000061
6.256 , -0.1000061
6.257 , -0.1000061
6.258 , -0.08000183
6.26 , -0.08999634
6.261 , -0.06999207
6.262 , -0.08000183
6.264 , -0.03999329
6.265 , -0.07000732
6.266 , -0.05000305
6.268 , -0.07000732
6.269 , -0.05999756
6.271 , -0.1100006
6.272 , -0.05000305
6.273 , -0.05000305
6.275 , -0.02999878
6.276 , -0.04000854
6.277 , -0.02000427
6.279 , -0.009994507
6.28 , 0.01000977
6.282 , 0.0
6.283 , 0.0
6.284 , 0.02000427
6.285 , 0.02000427
6.287 , 0.02999878
6.288 , 0.07998657
6.289 , 0.08999634
6.291 , 0.08999634
6.292 , 0.1699982
6.294 , 0.1199951
6.295 , 0.1699982
6.296 , 0.2400055
6.297 , 0.2700043
6.298 , 0.2900085
6.299 , 0.2799988
6.301 , 0.3000031
6.302 , 0.3600006
6.303 , 0.3799896
6.304 , 0.4199982
6.305 , 0.4499969
6.307 , 0.4600067
6.308 , 0.4600067
6.309 , 0.4900055
6.31 , 0.4700012
6.311 , 0.4900055
6.312 , 0.5499878
6.314 , 0.5499878
6.315 , 0.5699921
6.316 , 0.5800018
6.317 , 0.6300049
6.318 , 0.6500092
6.32 , 0.6799927
6.321 , 0.7299957
6.322 , 0.7399902
6.323 , 0.7399902
6.324 , 0.7599945
6.326 , 0.8200073
6.327 , 0.8200073
6.328 , 0.8399963
6.329 , 0.8300018
6.33 , 0.8499908
6.332 , 0.8599854
6.333 , 0.8999939
6.334 , 0.8599854
6.335 , 0.8999939
6.336 , 0.9100037
6.338 , 0.9400024
6.339 , 0.9700012
6.34 , 0.9700012
6.341 , 1.020004
6.342 , 1.030014
6.343 , 1.030014
6.344 , 1.030014
6.346 , 1.040009
6.347 , 0.9900055
6.348 , 1.059998
6.349 , 1.069992
6.35 , 1.0
6.351 , 1.050003
6.353 , 1.060013
6.354 , 1.080002
6.355 , 1.080002
6.356 , 1.070007
6.357 , 1.089996
6.358 , 1.020004
6.359 , 1.080002
6.361 , 1.099991
6.362 , 1.099991
6.363 , 1.110001
6.364 , 1.110001
6.365 , 1.110001
6.367 , 1.100006
6.368 , 1.100006
6.369 , 1.059998
6.37 , 1.059998
6.371 , 1.059998
6.372 , 1.039993
6.374 , 1.070007
6.375 , 1.070007
6.376 , 1.059998
6.377 , 0.9899902
6.378 , 1.029999
6.379 , 1.0
6.381 , 1.040009
6.382 , 1.0
6.383 , 1.009995
6.384 , 0.9900055
6.385 , 0.9900055
6.386 , 1.0
6.388 , 0.9299927
6.389 , 0.9400024
6.39 , 0.8899994
6.391 , 0.8899994
6.392 , 0.8700104
6.394 , 0.8800049
6.395 , 0.8600006
6.396 , 0.8699951
6.397 , 0.8199921
6.398 , 0.8699951
6.4 , 0.8300018
6.401 , 0.7600098
6.402 , 0.7600098
6.403 , 0.75
6.404 , 0.7200012
6.406 , 0.7599945
6.407 , 0.7299957
6.408 , 0.6699982
6.409 , 0.6800079
6.41 , 0.6800079
6.412 , 0.6300049
6.413 , 0.6199951
6.414 , 0.5899963
6.415 , 0.5899963
6.416 , 0.5999908
6.418 , 0.5399933
6.419 , 0.5500031
6.42 , 0.5500031
6.421 , 0.5
6.422 , 0.5
6.423 , 0.5099945
6.424 , 0.5099945
6.426 , 0.4500122
6.427 , 0.4500122
6.428 , 0.4500122
6.429 , 0.4199982
6.43 , 0.3699951
6.432 , 0.3699951
6.433 , 0.3799896
6.434 , 0.3600006
6.435 , 0.3600006
6.436 , 0.3200073
6.437 , 0.3200073
6.438 , 0.3200073
6.44 , 0.3099976
6.441 , 0.3300018
6.442 , 0.3099976
6.443 , 0.3199921
6.444 , 0.2999878
6.446 , 0.3099976
6.447 , 0.3099976
6.448 , 0.2600098
6.449 , 0.1900024
6.451 , 0.2700043
6.452 , 0.25
6.453 , 0.2799988
6.454 , 0.1899872
6.455 , 0.1899872
6.456 , 0.1999969
6.458 , 0.1999969
6.459 , 0.1999969
6.46 , 0.2099915
6.461 , 0.2099915
6.462 , 0.2299957
6.464 , 0.2200012
6.465 , 0.2000122
6.466 , 0.2100067
6.467 , 0.2100067
6.468 , 0.1600037
6.469 , 0.1600037
6.471 , 0.1699982
6.472 , 0.1699982
6.473 , 0.1800079
6.474 , 0.1100006
6.475 , 0.1600037
6.476 , 0.1900024
6.478 , 0.1699982
6.479 , 0.1199951
6.48 , 0.1799927
6.481 , 0.1299896
6.482 , 0.1299896
6.484 , 0.1399994
6.485 , 0.1200104
6.486 , 0.1499939
6.487 , 0.1300049
6.488 , 0.1499939
6.49 , 0.1399994
6.491 , 0.08999634
6.492 , 0.1599884
6.493 , 0.1000061
6.495 , 0.1500092
6.496 , 0.1100006
6.497 , 0.1100006
6.498 , 0.1100006
6.499 , 0.1100006
6.5 , 0.07998657
6.502 , 0.1699982
6.503 , 0.1300049
6.504 , 0.1300049
6.505 , 0.08999634
6.507 , 0.09999084
6.508 , 0.09999084
6.51 , 0.06001282
6.511 , 0.04000854
6.512 , 0.06001282
6.514 , 0.05000305
6.515 , 0.1199951
6.516 , 0.07000732
6.518 , 0.05999756
6.519 , 0.05999756
6.52 , 0.0900116
6.522 , 0.0900116
6.523 , 0.1000061
6.524 , 0.1000061
6.525 , 0.08000183
6.527 , 0.08999634
6.528 , 0.08999634
6.53 , 0.1000061
6.531 , 0.05000305
6.532 , 0.05000305
6.533 , 0.05999756
6.535 , 0.05999756
6.536 , 0.03999329
6.538 , 0.04998779
6.539 , 0.1199951
6.54 , 0.05999756
6.542 , 0.08000183
6.543 , 0.08999634
6.545 , 0.08999634
6.546 , 0.08999634
6.547 , 0.1000061
6.549 , 0.08000183
6.55 , 0.1100006
6.551 , 0.08999634
6.552 , 0.1100006
6.554 , 0.09999084
6.555 , 0.1199951
6.556 , 0.1199951
6.557 , 0.1100006
6.559 , 0.1300049
6.56 , 0.1199951
6.561 , 0.1399994
6.562 , 0.1399994
6.563 , 0.1299896
6.565 , 0.1299896
6.566 , 0.1499939
6.567 , 0.1600037
6.568 , 0.1399994
6.569 , 0.1399994
6.571 , 0.1499939
6.572 , 0.1300049
6.573 , 0.1599884
6.574 , 0.1399994
6.575 , 0.1599884
6.577 , 0.1699982
6.578 , 0.1699982
6.579 , 0.1699982
6.58 , 0.1799927
6.581 , 0.1999969
6.583 , 0.2099915
6.584 , 0.2099915
6.585 , 0.2099915
6.586 , 0.2099915
6.588 , 0.1999969
6.589 , 0.2200012
6.59 , 0.2099915
6.591 , 0.2099915
6.592 , 0.2099915
6.593 , 0.2099915
6.595 , 0.2000122
6.596 , 0.2000122
6.597 , 0.1600037
6.598 , 0.2100067
6.599 , 0.2100067
6.6 , 0.2399902
6.602 , 0.2399902
6.603 , 0.1699982
6.604 , 0.230011
6.605 , 0.25
6.606 , 0.1800079
6.607 , 0.1699982
6.609 , 0.1900024
6.61 , 0.1999969
6.611 , 0.1999969
6.612 , 0.1999969
6.613 , 0.1999969
6.615 , 0.1900024
6.616 , 0.1900024
6.617 , 0.1999969
6.618 , 0.1999969
6.619 , 0.1499939
6.621 , 0.2099915
6.622 , 0.2099915
6.623 , 0.2299957
6.624 , 0.1699982
6.625 , 0.2200012
6.627 , 0.2299957
6.628 , 0.2299957
6.629 , 0.2299957
6.63 , 0.1900024
6.631 , 0.1900024
6.632 , 0.1700134
6.634 , 0.1999969
6.635 , 0.1800079
6.636 , 0.1800079
6.637 , 0.1399994
6.638 , 0.1900024
6.639 , 0.1399994
6.641 , 0.2000122
6.642 , 0.2000122
6.643 , 0.2000122
6.644 , 0.2100067
6.645 , 0.2100067
6.646 , 0.2100067
6.648 , 0.1699982
6.649 , 0.1699982
6.65 , 0.1800079
6.651 , 0.230011
6.652 , 0.1600037
6.654 , 0.1699982
6.655 , 0.1699982
6.656 , 0.1499939
6.657 , 0.1799927
6.658 , 0.1799927
6.66 , 0.1699982
6.661 , 0.1900024
6.662 , 0.1699982
6.663 , 0.1699982
6.664 , 0.1999969
6.666 , 0.1799927
6.667 , 0.1399994
6.668 , 0.1399994
6.669 , 0.1399994
6.67 , 0.1199951
6.672 , 0.1300049
6.673 , 0.08000183
6.674 , 0.1399994
6.675 , 0.1399994
6.677 , 0.1500092
6.678 , 0.1000061
6.679 , 0.1000061
6.68 , 0.1000061
6.681 , 0.08999634
6.683 , 0.1600037
6.684 , 0.1199951
6.685 , 0.1199951
6.686 , 0.08000183
6.688 , 0.1100006
6.689 , 0.1100006
6.69 , 0.0900116
6.691 , 0.1000061
6.693 , 0.1000061
6.694 , 0.1100006
6.695 , 0.1100006
6.696 , 0.03999329
6.697 , 0.1200104
6.699 , 0.05000305
6.7 , 0.1200104
6.701 , 0.1300049
6.702 , 0.08000183
6.704 , 0.08999634
6.705 , 0.08999634
6.707 , 0.08000183
6.708 , 0.08000183
6.709 , 0.08000183
6.711 , 0.03999329
6.712 , 0.03999329
6.714 , 0.05000305
6.715 , 0.05000305
6.716 , 0.05000305
6.717 , 0.05999756
6.719 , 0.05999756
6.72 , 0.05999756
6.722 , 0.06999207
6.723 , 0.05000305
6.724 , 0.06001282
6.726 , 0.06001282
6.727 , 0.07000732
6.729 , 0.05000305
6.73 , 0.05000305
6.731 , 0.009994507
6.733 , 0.009994507
6.734 , 0.0
6.735 , 0.02000427
6.737 , 0.02999878
6.738 , 0.02999878
6.74 , 0.08000183
6.741 , 0.03999329
6.742 , 0.03999329
6.744 , 0.1000061
6.745 , 0.05000305
6.746 , 0.05000305
6.748 , 0.05999756
6.749 , -0.009994507
6.751 , -0.02000427
6.752 , -0.02000427
6.754 , -0.009994507
6.755 , 0.01000977
6.756 , -0.009994507
6.758 , 0.0
6.759 , 0.0
6.768 , -0.04000854
6.77 , -0.02000427
6.771 , -0.02999878
6.772 , -0.02999878
6.774 , -0.02000427
6.775 , 0.0
6.776 , -0.02000427
6.778 , -0.01000977
6.779 , -0.01000977
6.78 , -0.01000977
6.782 , 0.0
6.783 , 0.0
6.784 , 0.009994507
6.786 , 0.009994507
6.787 , -0.009994507
6.789 , 0.0
6.79 , 0.0
6.791 , -0.03999329
6.792 , -0.05999756
6.794 , -0.02999878
6.795 , -0.05000305
6.797 , -0.02999878
6.798 , -0.03999329
6.799 , -0.01998901
6.801 , 0.04000854
6.802 , -0.009994507
6.804 , 0.0
6.805 , -0.02000427
6.806 , 0.0
6.807 , 0.0
6.809 , 0.01000977
6.81 , -0.009994507
6.811 , 0.0
6.813 , 0.02000427
6.814 , -0.04000854
6.815 , 0.009994507
6.817 , 0.02999878
6.818 , 0.02000427
6.819 , 0.04000854
6.821 , 0.02999878
6.822 , 0.05000305
6.824 , 0.02999878
6.825 , 0.03999329
6.826 , -0.01000977
6.828 , 0.05000305
6.829 , 0.07000732
6.831 , 0.009994507
6.832 , 0.009994507
6.834 , 0.009994507
6.835 , 0.0
6.836 , 0.01998901
6.838 , 0.02999878
6.839 , 0.02999878
6.84 , 0.01000977
6.842 , 0.03999329
6.843 , 0.03999329
6.845 , 0.05000305
6.846 , 0.03001404
6.847 , 0.03001404
6.849 , 0.04000854
6.85 , 0.02000427
6.851 , 0.05000305
6.853 , 0.02999878
6.854 , 0.02999878
6.856 , 0.04000854
6.857 , 0.04000854
6.858 , 0.05000305
6.86 , 0.05000305
6.861 , 0.009994507
6.863 , 0.05999756
6.864 , 0.009994507
6.865 , 0.07000732
6.867 , 0.02000427
6.868 , 0.08000183
6.87 , 0.02999878
6.871 , 0.03999329
6.873 , 0.03999329
6.874 , 0.01998901
6.875 , 0.02999878
6.877 , 0.02999878
6.878 , 0.03999329
6.88 , 0.03999329
6.881 , 0.05000305
6.882 , 0.05000305
6.884 , 0.05000305
6.885 , 0.05999756
6.886 , 0.08000183
6.888 , 0.06999207
6.889 , 0.01998901
6.891 , 0.08000183
6.892 , 0.08000183
6.893 , 0.02999878
6.895 , 0.0
6.896 , 0.03999329
6.897 , 0.02000427
6.899 , 0.04998779
6.9 , 0.04998779
6.902 , 0.04000854
6.903 , 0.04000854
6.904 , 0.04000854
6.906 , 0.05000305
6.907 , 0.06999207
6.909 , 0.05999756
6.91 , 0.03999329
6.911 , 0.05999756
6.913 , 0.07000732
6.914 , 0.07000732
6.916 , 0.05999756
6.917 , 0.05999756
6.918 , 0.06999207
6.92 , 0.08999634
6.921 , 0.06999207
6.923 , 0.02999878
6.924 , 0.08000183
6.925 , 0.03999329
6.927 , 0.03999329
6.928 , 0.1000061
6.929 , 0.03001404
6.931 , 0.05000305
6.932 , 0.05999756
6.934 , 0.05999756
6.935 , 0.06999207
6.936 , 0.05000305
6.938 , 0.08000183
6.939 , 0.06001282
6.94 , 0.08000183
6.942 , 0.07000732
6.943 , 0.07000732
6.945 , 0.08000183
6.946 , 0.09999084
6.947 , 0.02999878
6.949 , 0.04000854
6.95 , 0.04000854
6.952 , 0.02999878
6.953 , 0.05000305
6.954 , 0.05000305
6.956 , 0.03999329
6.957 , 0.03999329
6.959 , 0.05000305
6.96 , 0.05000305
6.961 , 0.05000305
6.963 , 0.05999756
6.964 , 0.05999756
6.965 , 0.07000732
6.967 , 0.02000427
6.968 , 0.02999878
6.97 , 0.02999878
6.971 , 0.02999878
6.972 , 0.03999329
6.974 , 0.03999329
6.975 , 0.02999878
6.977 , 0.01000977
6.978 , 0.05999756
6.98 , 0.05999756
6.981 , 0.05999756
6.982 , 0.06999207
6.984 , 0.04998779
6.985 , 0.05999756
6.987 , 0.08000183
6.988 , 0.05999756
6.989 , 0.05000305
6.991 , 0.05000305
6.992 , 0.009994507
6.994 , 0.05999756
6.995 , 0.02000427
6.996 , 0.07000732
6.998 , 0.02000427
6.999 , 0.02999878
7.001 , 0.02999878
7.002 , 0.08999634
7.004 , 0.1099854
7.005 , 0.02999878
7.006 , 0.05000305
7.007 , 0.02999878
7.009 , 0.03999329
7.01 , 0.05999756
7.012 , 0.05000305
7.013 , 0.0
7.014 , 0.0
7.015 , 0.05999756
7.017 , 0.05999756
7.018 , 0.009994507
7.02 , 0.06999207
7.021 , 0.06999207
7.022 , 0.08000183
7.024 , 0.02999878
7.025 , 0.03999329
7.027 , 0.03999329
7.028 , 0.03999329
7.029 , 0.02999878
7.031 , 0.02999878
7.032 , 0.04000854
7.034 , 0.04000854
7.035 , 0.05000305
7.036 , 0.02999878
7.038 , 0.05000305
7.039 , 0.05999756
7.04 , 0.05999756
7.042 , 0.08999634
7.043 , 0.07000732
7.045 , 0.08000183
7.046 , 0.08000183
7.047 , 0.08000183
7.049 , 0.0900116
7.05 , 0.0900116
7.051 , 0.1100006
7.053 , 0.1000061
7.054 , 0.1000061
7.055 , 0.1100006
7.056 , 0.1100006
7.057 , 0.1299896
7.058 , 0.1299896
7.06 , 0.1900024
7.061 , 0.1399994
7.062 , 0.1999969
7.063 , 0.2200012
7.064 , 0.2200012
7.066 , 0.2799988
7.067 , 0.2299957
7.068 , 0.2299957
7.069 , 0.2900085
7.07 , 0.2900085
7.072 , 0.3000031
7.073 , 0.3199921
7.074 , 0.3399963
7.075 , 0.3899994
7.076 , 0.3999939
7.078 , 0.4199982
7.079 , 0.4300079
7.08 , 0.4300079
7.081 , 0.480011
7.082 , 0.5099945
7.083 , 0.5099945
7.085 , 0.5099945
7.086 , 0.5699921
7.087 , 0.5899963
7.088 , 0.5899963
7.09 , 0.6199951
7.091 , 0.6199951
7.092 , 0.6299896
7.093 , 0.6799927
7.094 , 0.6999969
7.095 , 0.6999969
7.097 , 0.7600098
7.098 , 0.780014
7.099 , 0.8099976
7.1 , 0.7900085
7.101 , 0.8099976
7.103 , 0.8699951
7.104 , 0.8899994
7.105 , 0.9400024
7.106 , 0.9000092
7.107 , 0.9000092
7.109 , 0.9799957
7.11 , 1.0
7.111 , 0.9600067
7.112 , 0.9700012
7.113 , 0.9899902
7.114 , 1.009995
7.116 , 1.020004
7.117 , 1.0
7.118 , 1.070007
7.119 , 1.080002
7.12 , 1.080002
7.121 , 1.080002
7.123 , 1.110001
7.124 , 1.159988
7.125 , 1.110001
7.126 , 1.12001
7.127 , 1.12001
7.128 , 1.12001
7.129 , 1.130005
7.131 , 1.059998
7.132 , 1.12001
7.133 , 1.140015
7.134 , 1.12001
7.135 , 1.12001
7.136 , 1.150009
7.137 , 1.150009
7.139 , 1.139999
7.14 , 1.160004
7.141 , 1.160004
7.142 , 1.160004
7.143 , 1.170013
7.144 , 1.150009
7.146 , 1.160004
7.147 , 1.180008
7.148 , 1.110001
7.149 , 1.169998
7.15 , 1.169998
7.151 , 1.119995
7.153 , 1.130005
7.154 , 1.110001
7.155 , 1.110001
7.156 , 1.100006
7.157 , 1.100006
7.158 , 1.100006
7.159 , 1.110001
7.161 , 1.110001
7.162 , 1.110001
7.163 , 1.050003
7.164 , 1.0
7.165 , 1.050003
7.166 , 1.009995
7.167 , 1.009995
7.168 , 0.9700012
7.17 , 0.9799957
7.171 , 0.9799957
7.172 , 0.9299927
7.173 , 0.9199982
7.174 , 0.8699951
7.176 , 0.8799896
7.177 , 0.8600006
7.178 , 0.8600006
7.179 , 0.8700104
7.18 , 0.8700104
7.182 , 0.8500061
7.183 , 0.8099976
7.184 , 0.7400055
7.185 , 0.7400055
7.186 , 0.7299957
7.188 , 0.6799927
7.189 , 0.6900024
7.19 , 0.6699982
7.191 , 0.6500092
7.192 , 0.6000061
7.194 , 0.6100006
7.195 , 0.5899963
7.196 , 0.5499878
7.197 , 0.5499878
7.198 , 0.5299988
7.199 , 0.4700012
7.201 , 0.5200043
7.202 , 0.4700012
7.203 , 0.5299988
7.204 , 0.4799957
7.205 , 0.4599915
7.207 , 0.469986
7.208 , 0.4199982
7.209 , 0.4100037
7.21 , 0.4100037
7.211 , 0.3700104
7.212 , 0.3399963
7.214 , 0.3499908
7.215 , 0.3300018
7.216 , 0.2900085
7.217 , 0.2700043
7.218 , 0.2700043
7.219 , 0.2700043
7.221 , 0.2799988
7.222 , 0.2799988
7.223 , 0.25
7.224 , 0.25
7.225 , 0.25
7.226 , 0.230011
7.228 , 0.230011
7.229 , 0.230011
7.23 , 0.2200012
7.231 , 0.2200012
7.232 , 0.2200012
7.233 , 0.1599884
7.235 , 0.1599884
7.236 , 0.1699982
7.237 , 0.1500092
7.238 , 0.1699982
7.239 , 0.1500092
7.241 , 0.1799927
7.242 , 0.1600037
7.243 , 0.1899872
7.244 , 0.1699982
7.245 , 0.1699982
7.247 , 0.1800079
7.248 , 0.1800079
7.249 , 0.1300049
7.25 , 0.1399994
7.251 , 0.09999084
7.253 , 0.1099854
7.254 , 0.1099854
7.255 , 0.1099854
7.256 , 0.1399994
7.257 , 0.1399994
7.259 , 0.07000732
7.26 , 0.1499939
7.261 , 0.1499939
7.262 , 0.1299896
7.264 , 0.0900116
7.265 , 0.1399994
7.266 , 0.1000061
7.267 , 0.1499939
7.269 , 0.1000061
7.27 , 0.1100006
7.271 , 0.03999329
7.272 , 0.08999634
7.274 , 0.05000305
7.275 , 0.02999878
7.277 , 0.05999756
7.278 , 0.05999756
7.279 , 0.05999756
7.281 , 0.06999207
7.282 , 0.06999207
7.284 , 0.08000183
7.285 , 0.05999756
7.287 , 0.06999207
7.288 , 0.06999207
7.289 , 0.06999207
7.291 , 0.02999878
7.292 , 0.02999878
7.294 , 0.04000854
7.295 , 0.04000854
7.296 , 0.04000854
7.298 , 0.05000305
7.299 , 0.05000305
7.3 , 0.04000854
7.302 , 0.04000854
7.303 , 0.05000305
7.304 , 0.05000305
7.306 , 0.05000305
7.307 , 0.03999329
7.308 , 0.03999329
7.31 , 0.05000305
7.311 , 0.0
7.312 , 0.0
7.314 , 0.08000183
7.315 , 0.05999756
7.316 , 0.009994507
7.318 , 0.01998901
7.319 , 0.01998901
7.321 , 0.08000183
7.322 , 0.02999878
7.323 , 0.08999634
7.325 , 0.08999634
7.326 , 0.03999329
7.328 , 0.02999878
7.329 , 0.04998779
7.33 , 0.05999756
7.332 , 0.04000854
7.333 , 0.05000305
7.335 , 0.05000305
7.336 , 0.05000305
7.337 , 0.05999756
7.339 , 0.07998657
7.34 , 0.07000732
7.341 , 0.08999634
7.343 , 0.08000183
7.344 , 0.08000183
7.346 , 0.1499939
7.347 , 0.1100006
7.348 , 0.0900116
7.349 , 0.0900116
7.351 , 0.1000061
7.352 , 0.05000305
7.353 , 0.1100006
7.354 , 0.03999329
7.356 , 0.1100006
7.357 , 0.1200104
7.358 , 0.1200104
7.359 , 0.1200104
7.36 , 0.1300049
7.362 , 0.1300049
7.363 , 0.1399994
7.364 , 0.08999634
7.365 , 0.1399994
7.367 , 0.1000061
7.368 , 0.08000183
7.369 , 0.1500092
7.37 , 0.08999634
7.372 , 0.1100006
7.373 , 0.1100006
7.374 , 0.09999084
7.375 , 0.1199951
7.377 , 0.1300049
7.378 , 0.1300049
7.379 , 0.1300049
7.38 , 0.1399994
7.381 , 0.1399994
7.383 , 0.1199951
7.384 , 0.1500092
7.385 , 0.1300049
7.386 , 0.1300049
7.387 , 0.1399994
7.388 , 0.1399994
7.39 , 0.1499939
7.391 , 0.1299896
7.392 , 0.1299896
7.393 , 0.08000183
7.395 , 0.0900116
7.396 , 0.1399994
7.397 , 0.1000061
7.399 , 0.1499939
7.4 , 0.1799927
7.401 , 0.1100006
7.402 , 0.1100006
7.403 , 0.1599884
7.404 , 0.1200104
7.406 , 0.1200104
7.407 , 0.1300049
7.408 , 0.1300049
7.409 , 0.1100006
7.41 , 0.1399994
7.411 , 0.06999207
7.413 , 0.06999207
7.414 , 0.1300049
7.415 , 0.08000183
7.417 , 0.08999634
7.418 , 0.08999634
7.42 , 0.09999084
7.421 , 0.1499939
7.422 , 0.09999084
7.424 , 0.1100006
7.425 , 0.08999634
7.426 , 0.08999634
7.427 , 0.09999084
7.429 , 0.09999084
7.43 , 0.06001282
7.432 , 0.1100006
7.433 , 0.06001282
7.434 , 0.05000305
7.435 , 0.1199951
7.437 , 0.03999329
7.438 , 0.08000183
7.439 , 0.08000183
7.441 , 0.07000732
7.442 , 0.07000732
7.444 , 0.08000183
7.445 , 0.05999756
7.446 , 0.05999756
7.448 , 0.06999207
7.449 , 0.01998901
7.451 , 0.08000183
7.452 , 0.02999878
7.453 , 0.01000977
7.455 , 0.03999329
7.456 , 0.02000427
7.458 , 0.04998779
7.459 , -0.02000427
7.46 , -0.02000427
7.462 , -0.009994507
7.463 , 0.04000854
7.465 , 0.0
7.466 , -0.02000427
7.467 , 0.01000977
7.468 , -0.009994507
7.47 , -0.02999878
7.471 , -0.02000427
7.473 , -0.02000427
7.474 , -0.01000977
7.475 , -0.05999756
7.477 , -0.04998779
7.478 , 0.0
7.479 , 0.0
7.481 , -0.03999329
7.482 , -0.03999329
7.483 , -0.03999329
7.485 , -0.05000305
7.486 , -0.05000305
7.488 , -0.03999329
7.489 , -0.03999329
7.49 , -0.08999634
7.492 , -0.08000183
7.493 , -0.08000183
7.495 , -0.0900116
7.496 , -0.1100006
7.505 , -0.06001282
7.506 , -0.08000183
7.508 , -0.1199951
7.509 , -0.1199951
7.51 , -0.1199951
7.511 , -0.1100006
7.513 , -0.1300049
7.514 , -0.09999084
7.515 , -0.1199951
7.516 , -0.1199951
7.518 , -0.08999634
7.519 , -0.1600037
7.52 , -0.1100006
7.521 , -0.1000061
7.522 , -0.1000061
7.524 , -0.08999634
7.525 , -0.08999634
7.526 , -0.1399994
7.528 , -0.1300049
7.529 , -0.1300049
7.53 , -0.1300049
7.531 , -0.1200104
7.532 , -0.1399994
7.534 , -0.1100006
7.535 , -0.1299896
7.536 , -0.1299896
7.537 , -0.1299896
7.538 , -0.1199951
7.539 , -0.1199951
7.541 , -0.1100006
7.542 , -0.1600037
7.543 , -0.0900116
7.544 , -0.09999084
7.546 , -0.09999084
7.547 , -0.1499939
7.548 , -0.1399994
7.55 , -0.1399994
7.551 , -0.1499939
7.552 , -0.1499939
7.553 , -0.1699982
7.554 , -0.1399994
7.556 , -0.1399994
7.557 , -0.1399994
7.558 , -0.1300049
7.559 , -0.1100006
7.56 , -0.1500092
7.562 , -0.1399994
7.563 , -0.1199951
7.564 , -0.1100006
7.565 , -0.1100006
7.566 , -0.1100006
7.568 , -0.1200104
7.569 , -0.1200104
7.57 , -0.1200104
7.571 , -0.1599884
7.572 , -0.1599884
7.573 , -0.1100006
7.575 , -0.1900024
7.576 , -0.1499939
7.577 , -0.1499939
7.578 , -0.1399994
7.579 , -0.0900116
7.581 , -0.1699982
7.582 , -0.1299896
7.583 , -0.1299896
7.584 , -0.1199951
7.586 , -0.1199951
7.587 , -0.1600037
7.588 , -0.2000122
7.589 , -0.1500092
7.591 , -0.1399994
7.592 , -0.1399994
7.593 , -0.1900024
7.594 , -0.1800079
7.595 , -0.1800079
7.597 , -0.1800079
7.598 , -0.1699982
7.599 , -0.1699982
7.6 , -0.1199951
7.601 , -0.1600037
7.603 , -0.1600037
7.604 , -0.1500092
7.605 , -0.1500092
7.606 , -0.1000061
7.607 , -0.1500092
7.608 , -0.1599884
7.61 , -0.1599884
7.611 , -0.1499939
7.612 , -0.1699982
7.613 , -0.1699982
7.614 , -0.1699982
7.616 , -0.1600037
7.617 , -0.1600037
7.618 , -0.1299896
7.619 , -0.1499939
7.62 , -0.1499939
7.622 , -0.1199951
7.623 , -0.1399994
7.624 , -0.1399994
7.625 , -0.1300049
7.626 , -0.1300049
7.628 , -0.1199951
7.629 , -0.1199951
7.63 , -0.1900024
7.631 , -0.1600037
7.632 , -0.1600037
7.633 , -0.1800079
7.635 , -0.1699982
7.636 , -0.1499939
7.637 , -0.219986
7.638 , -0.1600037
7.639 , -0.1600037
7.641 , -0.1500092
7.642 , -0.1500092
7.643 , -0.1500092
7.644 , -0.1500092
7.645 , -0.1399994
7.646 , -0.1399994
7.648 , -0.1799927
7.649 , -0.1300049
7.65 , -0.1799927
7.651 , -0.1900024
7.652 , -0.1200104
7.654 , -0.1900024
7.655 , -0.1799927
7.656 , -0.1599884
7.657 , -0.1599884
7.658 , -0.1699982
7.66 , -0.1699982
7.661 , -0.1399994
7.662 , -0.1600037
7.663 , -0.1600037
7.664 , -0.1600037
7.666 , -0.1499939
7.667 , -0.1499939
7.668 , -0.1399994
7.669 , -0.1600037
7.671 , -0.1500092
7.672 , -0.1500092
7.673 , -0.1500092
7.674 , -0.1500092
7.675 , -0.1900024
7.676 , -0.1900024
7.678 , -0.1300049
7.679 , -0.1300049
7.68 , -0.1800079
7.681 , -0.1199951
7.682 , -0.1199951
7.684 , -0.1699982
7.685 , -0.1100006
7.686 , -0.1799927
7.687 , -0.1100006
7.688 , -0.1699982
7.69 , -0.1500092
7.691 , -0.2200012
7.692 , -0.1599884
7.693 , -0.2099915
7.694 , -0.1599884
7.696 , -0.1499939
7.697 , -0.1999969
7.698 , -0.1399994
7.699 , -0.1900024
7.701 , -0.1399994
7.702 , -0.1799927
7.703 , -0.1799927
7.704 , -0.1799927
7.705 , -0.1699982
7.707 , -0.1900024
7.708 , -0.1600037
7.709 , -0.1100006
7.71 , -0.1600037
7.711 , -0.25
7.712 , -0.1699982
7.714 , -0.1699982
7.715 , -0.2100067
7.716 , -0.1600037
7.717 , -0.1600037
7.718 , -0.1499939
7.72 , -0.1999969
7.721 , -0.1499939
7.722 , -0.1900024
7.723 , -0.1900024
7.724 , -0.1900024
7.725 , -0.1300049
7.727 , -0.1800079
7.728 , -0.1699982
7.729 , -0.1699982
7.73 , -0.1699982
7.731 , -0.1899872
7.733 , -0.1999969
7.734 , -0.1999969
7.735 , -0.2400055
7.736 , -0.1699982
7.737 , -0.1900024
7.739 , -0.1799927
7.74 , -0.2299957
7.741 , -0.1799927
7.742 , -0.1699982
7.744 , -0.2200012
7.745 , -0.2100067
7.746 , -0.1600037
7.747 , -0.1600037
7.748 , -0.1999969
7.75 , -0.1999969
7.751 , -0.1999969
7.752 , -0.1900024
7.753 , -0.2100067
7.754 , -0.2100067
7.755 , -0.2000122
7.757 , -0.25
7.758 , -0.1900024
7.759 , -0.1900024
7.76 , -0.1900024
7.761 , -0.1900024
7.762 , -0.1800079
7.764 , -0.1800079
7.765 , -0.1699982
7.766 , -0.1699982
7.767 , -0.219986
7.769 , -0.2099915
7.77 , -0.2299957
7.771 , -0.2299957
7.772 , -0.2200012
7.773 , -0.2200012
7.775 , -0.2299957
7.776 , -0.2099915
7.777 , -0.2299957
7.778 , -0.2099915
7.78 , -0.1999969
7.781 , -0.1999969
7.782 , -0.1900024
7.783 , -0.2100067
7.784 , -0.2100067
7.786 , -0.25
7.787 , -0.1999969
7.788 , -0.1999969
7.789 , -0.1699982
7.79 , -0.2400055
7.792 , -0.230011
7.793 , -0.25
7.794 , -0.230011
7.795 , -0.2399902
7.796 , -0.2399902
7.797 , -0.2200012
7.799 , -0.2100067
7.8 , -0.2100067
7.801 , -0.2100067
7.802 , -0.1999969
7.803 , -0.269989
7.804 , -0.219986
7.806 , -0.2099915
7.807 , -0.2099915
7.808 , -0.2099915
7.809 , -0.25
7.81 , -0.1999969
7.812 , -0.2399902
7.813 , -0.2399902
7.814 , -0.2399902
7.815 , -0.2299957
7.816 , -0.25
7.818 , -0.2299957
7.819 , -0.2200012
7.82 , -0.2400055
7.821 , -0.2200012
7.822 , -0.1599884
7.824 , -0.1599884
7.825 , -0.1999969
7.826 , -0.1999969
7.827 , -0.1999969
7.828 , -0.2200012
7.829 , -0.2100067
7.831 , -0.2100067
7.832 , -0.1799927
7.833 , -0.1999969
7.834 , -0.1799927
7.836 , -0.1699982
7.837 , -0.1900024
7.838 , -0.1699982
7.839 , -0.1100006
7.84 , -0.1600037
7.842 , -0.1499939
7.843 , -0.1499939
7.844 , -0.1499939
7.845 , -0.1499939
7.847 , -0.08999634
7.848 , -0.08999634
7.849 , -0.07998657
7.851 , -0.05999756
7.852 , 0.0
7.853 , 0.0
7.854 , 0.0
7.856 , 0.02999878
7.857 , 0.02999878
7.858 , 0.09999084
7.86 , 0.1100006
7.861 , 0.1100006
7.862 , 0.1399994
7.863 , 0.1900024
7.865 , 0.2299957
7.866 , 0.2200012
7.867 , 0.2899933
7.868 , 0.2899933
7.869 , 0.3000031
7.871 , 0.3200073
7.872 , 0.3300018
7.873 , 0.3800049
7.874 , 0.3800049
7.875 , 0.3800049
7.876 , 0.4599915
7.878 , 0.4599915
7.879 , 0.4900055
7.88 , 0.5599976
7.881 , 0.5599976
7.882 , 0.5899963
7.884 , 0.6399994
7.885 , 0.6399994
7.886 , 0.6700134
7.887 , 0.6700134
7.888 , 0.6700134
7.89 , 0.6999969
7.891 , 0.6999969
7.892 , 0.7599945
7.893 , 0.7599945
7.895 , 0.8000031
7.896 , 0.8100128
7.897 , 0.8100128
7.898 , 0.8600006
7.899 , 0.8699951
7.901 , 0.8899994
7.902 , 0.8999939
7.903 , 0.9199982
7.904 , 0.9199982
7.905 , 0.9199982
7.907 , 0.980011
7.908 , 0.9300079
7.909 , 0.9900055
7.91 , 0.9900055
7.912 , 0.9499969
7.913 , 1.0
7.914 , 1.0
7.915 , 1.019989
7.916 , 0.9600067
7.917 , 1.080002
7.919 , 1.039993
7.92 , 1.089996
7.921 , 1.039993
7.922 , 1.039993
7.923 , 1.049988
7.924 , 1.119995
7.926 , 1.110001
7.927 , 1.059998
7.928 , 1.059998
7.929 , 1.069992
7.93 , 1.050003
7.932 , 1.069992
7.933 , 1.060013
7.934 , 1.080002
7.935 , 1.060013
7.936 , 1.020004
7.937 , 1.070007
7.939 , 1.029999
7.94 , 1.029999
7.941 , 1.029999
7.942 , 1.029999
7.943 , 1.0
7.944 , 1.020004
7.946 , 1.029999
7.947 , 1.050003
7.948 , 1.029999
7.949 , 1.019989
7.95 , 0.9700012
7.952 , 0.9700012
7.953 , 0.980011
7.954 , 0.9400024
7.955 , 0.8899994
7.956 , 0.8800049
7.958 , 0.8800049
7.959 , 0.8899994
7.96 , 0.8699951
7.961 , 0.8699951
7.962 , 0.8199921
7.964 , 0.8099976
7.965 , 0.8099976
7.966 , 0.7700043
7.967 , 0.75
7.968 , 0.7299957
7.97 , 0.7400055
7.971 , 0.6200104
7.972 , 0.6700134
7.973 , 0.6800079
7.974 , 0.6100006
7.975 , 0.5599976
7.977 , 0.5500031
7.978 , 0.5299988
7.979 , 0.4900055
7.98 , 0.4900055
7.981 , 0.4200134
7.982 , 0.4000092
7.984 , 0.4300079
7.985 , 0.4100037
7.986 , 0.3499908
7.987 , 0.3499908
7.988 , 0.3499908
7.99 , 0.2900085
7.991 , 0.2900085
7.992 , 0.2900085
7.993 , 0.2299957
7.994 , 0.2100067
7.996 , 0.2200012
7.997 , 0.1999969
7.998 , 0.1999969
7.999 , 0.1600037
8.0 , 0.1399994
8.002 , 0.1399994
8.003 , 0.09999084
8.004 , 0.1499939
8.005 , 0.08000183
8.007 , 0.08999634
8.008 , 0.06999207
8.009 , 0.06999207
8.011 , 0.02999878
8.012 , 0.01000977
8.014 , -0.02999878
8.015 , 0.02000427
8.016 , -0.01998901
8.018 , -0.01998901
8.019 , -0.01998901
8.021 , -0.009994507
8.022 , 0.04000854
8.023 , -0.04000854
8.025 , -0.04000854
8.026 , -0.02999878
8.028 , -0.08000183
8.029 , -0.02999878
8.03 , -0.08999634
8.032 , -0.08999634
8.033 , -0.08000183
8.035 , -0.1300049
8.036 , -0.1399994
8.037 , -0.06999207
8.039 , -0.06999207
8.04 , -0.1300049
8.041 , -0.05999756
8.043 , -0.05000305
8.044 , -0.1000061
8.045 , -0.1000061
8.046 , -0.08999634
8.048 , -0.1100006
8.049 , -0.1600037
8.05 , -0.1699982
8.051 , -0.1699982
8.052 , -0.1699982
8.054 , -0.2299957
8.055 , -0.1599884
8.056 , -0.1499939
8.057 , -0.1699982
8.059 , -0.2200012
8.06 , -0.2100067
8.061 , -0.1399994
8.062 , -0.2100067
8.063 , -0.1499939
8.064 , -0.1499939
8.066 , -0.1900024
8.067 , -0.1900024
8.068 , -0.1900024
8.069 , -0.1900024
8.07 , -0.2000122
8.072 , -0.2000122
8.073 , -0.2599945
8.074 , -0.1900024
8.075 , -0.2399902
8.076 , -0.2299957
8.077 , -0.1800079
8.079 , -0.25
8.08 , -0.2200012
8.081 , -0.2600098
8.082 , -0.2600098
8.083 , -0.2299957
8.085 , -0.25
8.086 , -0.25
8.087 , -0.2400055
8.088 , -0.2400055
8.089 , -0.2400055
8.09 , -0.230011
8.092 , -0.280014
8.093 , -0.2700043
8.094 , -0.2700043
8.095 , -0.2200012
8.096 , -0.2899933
8.097 , -0.2600098
8.099 , -0.2600098
8.1 , -0.25
8.101 , -0.25
8.102 , -0.25
8.103 , -0.2400055
8.104 , -0.2400055
8.105 , -0.2400055
8.107 , -0.25
8.108 , -0.25
8.109 , -0.25
8.11 , -0.2399902
8.111 , -0.2399902
8.112 , -0.2399902
8.114 , -0.2799988
8.115 , -0.2299957
8.116 , -0.2299957
8.117 , -0.2200012
8.118 , -0.2000122
8.12 , -0.2099915
8.121 , -0.1900024
8.122 , -0.2099915
8.123 , -0.25
8.124 , -0.1800079
8.125 , -0.1800079
8.127 , -0.1700134
8.128 , -0.1700134
8.129 , -0.1900024
8.13 , -0.1799927
8.131 , -0.1799927
8.133 , -0.1699982
8.134 , -0.2200012
8.135 , -0.1699982
8.136 , -0.2200012
8.137 , -0.1599884
8.138 , -0.1599884
8.14 , -0.1999969
8.141 , -0.1499939
8.142 , -0.1499939
8.143 , -0.1200104
8.144 , -0.1399994
8.146 , -0.1399994
8.147 , -0.1100006
8.148 , -0.1100006
8.149 , -0.1299896
8.15 , -0.1199951
8.152 , -0.1000061
8.153 , -0.0900116
8.154 , -0.1100006
8.155 , -0.1600037
8.156 , -0.0900116
8.158 , -0.09999084
8.159 , -0.09999084
8.161 , -0.07000732
8.162 , -0.08999634
8.163 , -0.08999634
8.165 , -0.01000977
8.166 , -0.08000183
8.168 , -0.06999207
8.169 , -0.1199951
8.17 , -0.1100006
8.171 , -0.1100006
8.173 , -0.05999756
8.174 , -0.1200104
8.175 , -0.05000305
8.176 , -0.05000305
8.178 , -0.08999634
8.179 , -0.08999634
8.181 , -0.08000183
8.182 , -0.08000183
8.183 , -0.08000183
8.185 , -0.06999207
8.186 , -0.08999634
8.196 , -0.1299896
8.197 , -0.1199951
8.198 , -0.1399994
8.199 , -0.1199951
8.2 , -0.1100006
8.202 , -0.1100006
8.203 , -0.1100006
8.204 , -0.09999084
8.205 , -0.1199951
8.207 , -0.1100006
8.208 , -0.1100006
8.209 , -0.1600037
8.21 , -0.1000061
8.211 , -0.1500092
8.212 , -0.1500092
8.213 , -0.1500092
8.215 , -0.1399994
8.216 , -0.08999634
8.217 , -0.1500092
8.218 , -0.1300049
8.219 , -0.1300049
8.221 , -0.1399994
8.222 , -0.1399994
8.223 , -0.1199951
8.224 , -0.1300049
8.225 , -0.1300049
8.227 , -0.1699982
8.228 , -0.1699982
8.229 , -0.1699982
8.23 , -0.1799927
8.232 , -0.1599884
8.233 , -0.1599884
8.234 , -0.1900024
8.235 , -0.1900024
8.236 , -0.1699982
8.237 , -0.1800079
8.239 , -0.1800079
8.24 , -0.1800079
8.241 , -0.1499939
8.242 , -0.2200012
8.243 , -0.1699982
8.245 , -0.1600037
8.246 , -0.2100067
8.247 , -0.2000122
8.248 , -0.2200012
8.249 , -0.2200012
8.25 , -0.2700043
8.252 , -0.2099915
8.253 , -0.2599945
8.254 , -0.25
8.255 , -0.1999969
8.256 , -0.25
8.258 , -0.2600098
8.259 , -0.2400055
8.26 , -0.2400055
8.261 , -0.2299957
8.262 , -0.2299957
8.263 , -0.2700043
8.265 , -0.2400055
8.266 , -0.2400055
8.267 , -0.25
8.268 , -0.25
8.269 , -0.25
8.27 , -0.25
8.272 , -0.2899933
8.273 , -0.2400055
8.274 , -0.2799988
8.275 , -0.2799988
8.276 , -0.2799988
8.278 , -0.269989
8.279 , -0.269989
8.28 , -0.2899933
8.281 , -0.2599945
8.283 , -0.2799988
8.284 , -0.2700043
8.285 , -0.2700043
8.286 , -0.2700043
8.287 , -0.2599945
8.288 , -0.3099976
8.29 , -0.3099976
8.291 , -0.3000031
8.292 , -0.3000031
8.293 , -0.3000031
8.294 , -0.2900085
8.296 , -0.3100128
8.297 , -0.3000031
8.298 , -0.3000031
8.299 , -0.3399963
8.3 , -0.3399963
8.302 , -0.2900085
8.303 , -0.3600006
8.304 , -0.3199921
8.305 , -0.3199921
8.306 , -0.2799988
8.307 , -0.3099976
8.309 , -0.3399963
8.31 , -0.3099976
8.311 , -0.3500061
8.312 , -0.3500061
8.313 , -0.3300018
8.314 , -0.3199921
8.316 , -0.3399963
8.317 , -0.3399963
8.318 , -0.3300018
8.319 , -0.3800049
8.32 , -0.3300018
8.322 , -0.3200073
8.323 , -0.3200073
8.324 , -0.3099976
8.325 , -0.3099976
8.326 , -0.3099976
8.328 , -0.3500061
8.329 , -0.4100037
8.33 , -0.3000031
8.331 , -0.3400116
8.332 , -0.3600006
8.333 , -0.3600006
8.335 , -0.3899994
8.336 , -0.3499908
8.337 , -0.3499908
8.338 , -0.3800049
8.339 , -0.3399963
8.341 , -0.3300018
8.342 , -0.3300018
8.343 , -0.3300018
8.344 , -0.3199921
8.345 , -0.3600006
8.346 , -0.3600006
8.348 , -0.3500061
8.349 , -0.3800049
8.35 , -0.3500061
8.351 , -0.3699951
8.352 , -0.3899994
8.353 , -0.3699951
8.355 , -0.3800049
8.356 , -0.3600006
8.357 , -0.3600006
8.358 , -0.3700104
8.36 , -0.3500061
8.361 , -0.3399963
8.362 , -0.3399963
8.363 , -0.3399963
8.364 , -0.3300018
8.365 , -0.3300018
8.367 , -0.3300018
8.368 , -0.3400116
8.369 , -0.3400116
8.37 , -0.3400116
8.371 , -0.3300018
8.373 , -0.3799896
8.374 , -0.3899994
8.375 , -0.3899994
8.376 , -0.3899994
8.377 , -0.3899994
8.379 , -0.3100128
8.38 , -0.3600006
8.381 , -0.3499908
8.382 , -0.3699951
8.383 , -0.3699951
8.385 , -0.4000092
8.386 , -0.3600006
8.387 , -0.3399963
8.388 , -0.3499908
8.389 , -0.3899994
8.391 , -0.3800049
8.392 , -0.3800049
8.393 , -0.3800049
8.394 , -0.4100037
8.395 , -0.4000092
8.397 , -0.3700104
8.398 , -0.3600006
8.399 , -0.3600006
8.4 , -0.3899994
8.401 , -0.3500061
8.402 , -0.3099976
8.404 , -0.3500061
8.405 , -0.3700104
8.406 , -0.3000031
8.407 , -0.3700104
8.408 , -0.3600006
8.409 , -0.3600006
8.411 , -0.3500061
8.412 , -0.3699951
8.413 , -0.3500061
8.414 , -0.4199982
8.415 , -0.3600006
8.417 , -0.3600006
8.418 , -0.3300018
8.419 , -0.3999939
8.42 , -0.3999939
8.421 , -0.3399963
8.423 , -0.3399963
8.424 , -0.3399963
8.425 , -0.3300018
8.426 , -0.3100128
8.427 , -0.3300018
8.428 , -0.3699951
8.43 , -0.3899994
8.431 , -0.3600006
8.432 , -0.3600006
8.433 , -0.3800049
8.434 , -0.3800049
8.436 , -0.3499908
8.437 , -0.3699951
8.438 , -0.3600006
8.439 , -0.3999939
8.44 , -0.3600006
8.442 , -0.3300018
8.443 , -0.3500061
8.444 , -0.3300018
8.445 , -0.3399963
8.446 , -0.3399963
8.447 , -0.3399963
8.449 , -0.3300018
8.45 , -0.3699951
8.451 , -0.3600006
8.452 , -0.3600006
8.453 , -0.3899994
8.455 , -0.3499908
8.456 , -0.3499908
8.457 , -0.3499908
8.458 , -0.3399963
8.46 , -0.3399963
8.461 , -0.3300018
8.462 , -0.3600006
8.463 , -0.3600006
8.464 , -0.4000092
8.465 , -0.3499908
8.467 , -0.3499908
8.468 , -0.3800049
8.469 , -0.3399963
8.47 , -0.3800049
8.471 , -0.3800049
8.473 , -0.3999939
8.474 , -0.3999939
8.475 , -0.3600006
8.476 , -0.3899994
8.478 , -0.3800049
8.479 , -0.3800049
8.48 , -0.3800049
8.481 , -0.3800049
8.482 , -0.3699951
8.484 , -0.3699951
8.485 , -0.3600006
8.486 , -0.3300018
8.487 , -0.3600006
8.488 , -0.3500061
8.489 , -0.3700104
8.491 , -0.3700104
8.492 , -0.4099884
8.493 , -0.3600006
8.494 , -0.3600006
8.495 , -0.3500061
8.496 , -0.3500061
8.498 , -0.3899994
8.499 , -0.3400116
8.5 , -0.3400116
8.501 , -0.3899994
8.502 , -0.3999939
8.504 , -0.3799896
8.505 , -0.3699951
8.506 , -0.3200073
8.507 , -0.3699951
8.508 , -0.3600006
8.51 , -0.3800049
8.511 , -0.3800049
8.512 , -0.3699951
8.513 , -0.3699951
8.514 , -0.3699951
8.516 , -0.3600006
8.517 , -0.3600006
8.518 , -0.3299866
8.519 , -0.3499908
8.52 , -0.3499908
8.521 , -0.3899994
8.523 , -0.3399963
8.524 , -0.3800049
8.525 , -0.3700104
8.526 , -0.3300018
8.527 , -0.3700104
8.529 , -0.3600006
8.53 , -0.3600006
8.531 , -0.3600006
8.532 , -0.3800049
8.533 , -0.3500061
8.534 , -0.3800049
8.536 , -0.3700104
8.537 , -0.3899994
8.538 , -0.3600006
8.539 , -0.3600006
8.54 , -0.3799896
8.542 , -0.3500061
8.543 , -0.3699951
8.544 , -0.3500061
8.545 , -0.3600006
8.546 , -0.3600006
8.547 , -0.4100037
8.549 , -0.3999939
8.55 , -0.3499908
8.551 , -0.4199982
8.552 , -0.3899994
8.554 , -0.3899994
8.555 , -0.3999939
8.556 , -0.3999939
8.557 , -0.3799896
8.558 , -0.3999939
8.56 , -0.3699951
8.561 , -0.3699951
8.562 , -0.3600006
8.563 , -0.3600006
8.564 , -0.3600006
8.566 , -0.3699951
8.567 , -0.3699951
8.568 , -0.3699951
8.569 , -0.3999939
8.571 , -0.3999939
8.572 , -0.3899994
8.573 , -0.4199982
8.574 , -0.4199982
8.575 , -0.4099884
8.577 , -0.3799896
8.578 , -0.4099884
8.579 , -0.3999939
8.58 , -0.3999939
8.582 , -0.3600006
8.583 , -0.3600006
8.584 , -0.3600006
8.585 , -0.3499908
8.586 , -0.3799896
8.587 , -0.3799896
8.589 , -0.3699951
8.59 , -0.4100037
8.591 , -0.4100037
8.592 , -0.4000092
8.593 , -0.4000092
8.595 , -0.3899994
8.596 , -0.3899994
8.597 , -0.3499908
8.598 , -0.3899994
8.6 , -0.3800049
8.601 , -0.3399963
8.602 , -0.3299866
8.603 , -0.3699951
8.604 , -0.3999939
8.606 , -0.3600006
8.607 , -0.3899994
8.608 , -0.3899994
8.609 , -0.3500061
8.61 , -0.3800049
8.612 , -0.3699951
8.613 , -0.3699951
8.614 , -0.3699951
8.615 , -0.3600006
8.616 , -0.3800049
8.617 , -0.3600006
8.619 , -0.3200073
8.62 , -0.3200073
8.621 , -0.3500061
8.622 , -0.3399963
8.623 , -0.3099976
8.625 , -0.3000031
8.626 , -0.2599945
8.627 , -0.2599945
8.628 , -0.2599945
8.629 , -0.2900085
8.631 , -0.25
8.632 , -0.2099915
8.633 , -0.2399902
8.634 , -0.2399902
8.635 , -0.2099915
8.637 , -0.1999969
8.638 , -0.1600037
8.639 , -0.1499939
8.64 , -0.1299896
8.641 , -0.1299896
8.643 , -0.05000305
8.644 , -0.05000305
8.645 , -0.05000305
8.647 , 0.02999878
8.648 , 0.02999878
8.649 , 0.04000854
8.651 , 0.06001282
8.652 , 0.07000732
8.654 , 0.1199951
8.655 , 0.1399994
8.656 , 0.1799927
8.657 , 0.1799927
8.658 , 0.25
8.66 , 0.2600098
8.661 , 0.3000031
8.662 , 0.3099976
8.663 , 0.3800049
8.664 , 0.3800049
8.666 , 0.4099884
8.667 , 0.4399872
8.668 , 0.4799957
8.669 , 0.5599976
8.67 , 0.5800018
8.672 , 0.5699921
8.673 , 0.5899963
8.674 , 0.6199951
8.675 , 0.6600037
8.676 , 0.6299896
8.678 , 0.6899872
8.679 , 0.7700043
8.68 , 0.75
8.681 , 0.75
8.682 , 0.8099976
8.684 , 0.8099976
8.685 , 0.8499908
8.686 , 0.8600006
8.687 , 0.8600006
8.688 , 0.8800049
8.69 , 0.8899994
8.691 , 0.8899994
8.692 , 0.9499969
8.693 , 0.9700012
8.695 , 0.9499969
8.696 , 0.9600067
8.697 , 0.980011
8.698 , 1.050003
8.699 , 1.039993
8.7 , 1.059998
8.702 , 1.049988
8.703 , 1.069992
8.704 , 1.069992
8.705 , 1.089996
8.707 , 1.100006
8.708 , 1.100006
8.709 , 1.110001
8.71 , 1.160004
8.711 , 1.089996
8.712 , 1.110001
8.713 , 1.099991
8.715 , 1.099991
8.716 , 1.130005
8.717 , 1.130005
8.718 , 1.180008
8.719 , 1.139999
8.72 , 1.139999
8.722 , 1.190002
8.723 , 1.150009
8.724 , 1.130005
8.725 , 1.150009
8.726 , 1.160004
8.727 , 1.160004
8.728 , 1.119995
8.73 , 1.12999
8.731 , 1.12999
8.732 , 1.149994
8.733 , 1.139999
8.735 , 1.070007
8.736 , 1.100006
8.737 , 1.100006
8.738 , 1.080002
8.739 , 1.089996
8.74 , 1.039993
8.742 , 1.039993
8.743 , 1.050003
8.744 , 1.029999
8.745 , 0.9900055
8.746 , 1.0
8.747 , 0.9700012
8.749 , 0.9799957
8.75 , 0.9099884
8.751 , 0.9099884
8.752 , 0.8899994
8.753 , 0.8600006
8.755 , 0.8600006
8.756 , 0.8399963
8.757 , 0.8199921
8.758 , 0.8199921
8.759 , 0.7599945
8.761 , 0.719986
8.762 , 0.719986
8.763 , 0.6999969
8.764 , 0.6800079
8.766 , 0.6900024
8.767 , 0.6399994
8.768 , 0.6199951
8.769 , 0.5900116
8.77 , 0.5600128
8.771 , 0.5600128
8.773 , 0.5
8.774 , 0.4799957
8.775 , 0.4799957
8.776 , 0.4400024
8.777 , 0.4400024
8.779 , 0.3899994
8.78 , 0.3899994
8.781 , 0.3899994
8.782 , 0.3400116
8.783 , 0.3000031
8.785 , 0.3000031
8.786 , 0.3099976
8.787 , 0.2899933
8.788 , 0.2200012
8.789 , 0.2200012
8.791 , 0.1900024
8.792 , 0.1600037
8.793 , 0.1499939
8.794 , 0.1499939
8.795 , 0.1499939
8.797 , 0.08999634
8.798 , 0.04998779
8.799 , 0.04998779
8.801 , 0.05999756
8.802 , 0.1000061
8.803 , 0.02000427
8.805 , 0.02000427
8.806 , -0.009994507
8.808 , 0.03001404
8.809 , -0.03999329
8.81 , 0.0
8.812 , -0.06999207
8.813 , -0.05999756
8.814 , -0.1100006
8.815 , -0.1100006
8.817 , -0.1399994
8.818 , -0.07998657
8.819 , -0.09999084
8.821 , -0.1300049
8.822 , -0.08999634
8.823 , -0.1200104
8.825 , -0.1200104
8.826 , -0.1100006
8.827 , -0.1399994
8.828 , -0.1399994
8.829 , -0.1799927
8.83 , -0.1300049
8.832 , -0.1699982
8.833 , -0.1600037
8.834 , -0.1200104
8.835 , -0.1600037
8.836 , -0.1799927
8.838 , -0.1799927
8.839 , -0.2200012
8.84 , -0.1699982
8.841 , -0.1699982
8.842 , -0.1699982
8.844 , -0.1600037
8.845 , -0.2000122
8.846 , -0.1900024
8.847 , -0.1900024
8.848 , -0.1900024
8.85 , -0.1999969
8.851 , -0.1999969
8.852 , -0.1999969
8.853 , -0.1899872
8.854 , -0.219986
8.856 , -0.1799927
8.857 , -0.2099915
8.858 , -0.2099915
8.859 , -0.25
8.86 , -0.1999969
8.862 , -0.2400055
8.863 , -0.2299957
8.864 , -0.1899872
8.865 , -0.2299957
8.867 , -0.1799927
8.868 , -0.25
8.869 , -0.25
8.878 , -0.2900085
8.879 , -0.2599945
8.881 , -0.280014
8.882 , -0.25
8.883 , -0.2700043
8.884 , -0.2399902
8.885 , -0.2399902
8.886 , -0.2700043
8.888 , -0.2799988
8.889 , -0.2600098
8.89 , -0.269989
8.891 , -0.269989
8.893 , -0.2400055
8.894 , -0.2599945
8.895 , -0.3000031
8.896 , -0.3000031
8.897 , -0.25
8.898 , -0.25
8.9 , -0.2399902
8.901 , -0.2399902
8.902 , -0.2399902
8.903 , -0.2299957
8.905 , -0.2100067
8.906 , -0.2700043
8.907 , -0.2200012
8.908 , -0.2200012
8.909 , -0.2200012
8.91 , -0.2099915
8.912 , -0.2099915
8.913 , -0.2400055
8.914 , -0.2400055
8.915 , -0.2400055
8.916 , -0.1999969
8.918 , -0.230011
8.919 , -0.230011
8.92 , -0.1799927
8.921 , -0.1799927
8.922 , -0.1799927
8.924 , -0.1699982
8.925 , -0.1699982
8.926 , -0.1699982
8.927 , -0.1400146
8.929 , -0.2000122
8.93 , -0.1499939
8.931 , -0.1900024
8.932 , -0.1499939
8.933 , -0.1800079
8.935 , -0.1800079
8.936 , -0.1399994
8.937 , -0.1299896
8.938 , -0.1299896
8.939 , -0.1299896
8.941 , -0.1199951
8.942 , -0.1600037
8.943 , -0.1199951
8.944 , -0.1100006
8.945 , -0.1100006
8.947 , -0.1399994
8.948 , -0.09999084
8.949 , -0.09999084
8.951 , -0.1300049
8.952 , -0.1300049
8.953 , -0.1300049
8.954 , -0.1200104
8.955 , -0.1200104
8.956 , -0.1200104
8.958 , -0.1100006
8.959 , -0.1399994
8.96 , -0.1000061
8.961 , -0.1000061
8.962 , -0.1000061
8.963 , -0.1000061
8.965 , -0.0900116
8.966 , -0.1200104
8.967 , -0.1100006
8.968 , -0.08000183
8.97 , -0.1000061
8.971 , -0.1000061
8.972 , -0.1000061
8.973 , -0.07000732
8.975 , -0.08999634
8.976 , -0.1299896
8.977 , -0.08000183
8.979 , -0.1199951
8.98 , -0.1100006
8.981 , -0.07000732
8.982 , -0.1100006
8.984 , -0.09999084
8.985 , -0.09999084
8.986 , -0.09999084
8.988 , -0.08999634
8.989 , -0.08999634
8.991 , -0.1100006
8.992 , -0.08000183
8.993 , -0.1100006
8.994 , -0.09999084
8.996 , -0.09999084
8.997 , -0.1100006
8.998 , -0.1100006
9.0 , -0.1000061
9.001 , -0.1000061
9.002 , -0.08000183
9.003 , -0.1000061
9.004 , -0.08999634
9.006 , -0.08999634
9.007 , -0.1199951
9.008 , -0.1199951
9.01 , -0.1100006
9.011 , -0.1100006
9.012 , -0.1100006
9.013 , -0.1400146
9.014 , -0.1300049
9.015 , -0.1300049
9.017 , -0.1200104
9.018 , -0.1200104
9.019 , -0.1200104
9.02 , -0.08999634
9.021 , -0.1499939
9.023 , -0.1499939
9.024 , -0.1399994
9.025 , -0.1399994
9.026 , -0.1399994
9.027 , -0.1300049
9.029 , -0.1600037
9.03 , -0.1600037
9.031 , -0.1499939
9.032 , -0.1499939
9.033 , -0.2099915
9.035 , -0.1799927
9.036 , -0.1799927
9.037 , -0.1900024
9.038 , -0.1699982
9.039 , -0.1699982
9.041 , -0.1599884
9.042 , -0.1599884
9.043 , -0.1799927
9.044 , -0.1699982
9.045 , -0.1999969
9.047 , -0.1600037
9.048 , -0.1900024
9.049 , -0.1900024
9.05 , -0.1900024
9.051 , -0.2200012
9.052 , -0.25
9.053 , -0.25
9.055 , -0.2100067
9.056 , -0.2100067
9.057 , -0.1999969
9.058 , -0.2299957
9.059 , -0.2299957
9.061 , -0.1900024
9.062 , -0.2599945
9.063 , -0.2200012
9.064 , -0.25
9.065 , -0.25
9.066 , -0.25
9.068 , -0.2399902
9.069 , -0.2599945
9.07 , -0.2399902
9.071 , -0.25
9.072 , -0.25
9.074 , -0.2400055
9.075 , -0.2700043
9.076 , -0.2400055
9.077 , -0.2599945
9.078 , -0.2599945
9.079 , -0.2999878
9.081 , -0.2899933
9.082 , -0.2899933
9.083 , -0.2899933
9.084 , -0.3100128
9.086 , -0.2799988
9.087 , -0.3000031
9.088 , -0.3000031
9.089 , -0.3000031
9.09 , -0.3000031
9.091 , -0.3300018
9.093 , -0.3500061
9.094 , -0.3900146
9.095 , -0.3400116
9.096 , -0.3200073
9.097 , -0.3800049
9.098 , -0.3300018
9.1 , -0.3300018
9.101 , -0.3200073
9.102 , -0.3700104
9.103 , -0.3200073
9.104 , -0.3099976
9.105 , -0.3099976
9.107 , -0.3600006
9.108 , -0.3500061
9.109 , -0.3500061
9.11 , -0.3500061
9.111 , -0.3600006
9.112 , -0.3400116
9.114 , -0.3499908
9.115 , -0.3799896
9.116 , -0.3499908
9.117 , -0.3300018
9.118 , -0.3399963
9.12 , -0.3399963
9.121 , -0.3100128
9.122 , -0.3600006
9.123 , -0.3600006
9.124 , -0.3199921
9.125 , -0.3499908
9.127 , -0.3199921
9.128 , -0.3399963
9.129 , -0.3800049
9.13 , -0.3800049
9.131 , -0.3899994
9.133 , -0.3899994
9.134 , -0.3799896
9.135 , -0.3799896
9.136 , -0.4499969
9.137 , -0.3799896
9.139 , -0.3500061
9.14 , -0.3500061
9.141 , -0.3599854
9.142 , -0.3399963
9.143 , -0.3599854
9.145 , -0.4199982
9.146 , -0.3300018
9.147 , -0.4199982
9.148 , -0.3399963
9.149 , -0.3399963
9.151 , -0.4299927
9.152 , -0.3999939
9.153 , -0.3999939
9.154 , -0.4199982
9.155 , -0.3899994
9.157 , -0.4199982
9.158 , -0.4100037
9.159 , -0.4100037
9.16 , -0.4100037
9.162 , -0.3999939
9.163 , -0.3999939
9.164 , -0.3899994
9.165 , -0.3899994
9.166 , -0.3899994
9.168 , -0.3800049
9.169 , -0.4000092
9.17 , -0.4000092
9.171 , -0.3899994
9.172 , -0.3699951
9.174 , -0.3800049
9.175 , -0.3800049
9.176 , -0.3800049
9.177 , -0.3800049
9.178 , -0.4200134
9.18 , -0.4200134
9.181 , -0.3600006
9.182 , -0.4100037
9.183 , -0.3600006
9.184 , -0.3600006
9.185 , -0.3500061
9.187 , -0.3500061
9.188 , -0.3199921
9.189 , -0.3399963
9.19 , -0.3899994
9.191 , -0.3300018
9.193 , -0.3300018
9.194 , -0.3300018
9.195 , -0.3700104
9.196 , -0.3700104
9.197 , -0.3700104
9.199 , -0.3600006
9.2 , -0.3099976
9.201 , -0.2799988
9.202 , -0.3000031
9.203 , -0.3500061
9.204 , -0.3500061
9.206 , -0.3600006
9.207 , -0.4000092
9.208 , -0.3300018
9.209 , -0.3499908
9.21 , -0.3499908
9.211 , -0.3399963
9.213 , -0.3399963
9.214 , -0.3800049
9.215 , -0.3700104
9.216 , -0.3700104
9.217 , -0.3300018
9.218 , -0.3199921
9.22 , -0.3199921
9.221 , -0.3500061
9.222 , -0.3099976
9.223 , -0.3099976
9.224 , -0.3099976
9.226 , -0.2999878
9.227 , -0.3399963
9.228 , -0.2899933
9.229 , -0.3300018
9.23 , -0.3300018
9.232 , -0.3500061
9.233 , -0.3200073
9.234 , -0.3500061
9.235 , -0.3399963
9.236 , -0.3099976
9.237 , -0.3399963
9.239 , -0.3300018
9.24 , -0.3300018
9.241 , -0.3200073
9.242 , -0.3200073
9.243 , -0.2900085
9.244 , -0.2900085
9.246 , -0.2799988
9.247 , -0.3099976
9.248 , -0.3000031
9.249 , -0.3200073
9.25 , -0.3200073
9.252 , -0.3100128
9.253 , -0.3100128
9.254 , -0.2900085
9.255 , -0.3000031
9.256 , -0.3000031
9.257 , -0.3499908
9.259 , -0.2900085
9.26 , -0.3399963
9.261 , -0.2900085
9.262 , -0.280014
9.263 , -0.3300018
9.265 , -0.3199921
9.266 , -0.2700043
9.267 , -0.3199921
9.268 , -0.2600098
9.269 , -0.3099976
9.271 , -0.3300018
9.272 , -0.3600006
9.273 , -0.2999878
9.274 , -0.2999878
9.275 , -0.3099976
9.277 , -0.3099976
9.278 , -0.3000031
9.279 , -0.2799988
9.28 , -0.3000031
9.281 , -0.3000031
9.283 , -0.269989
9.284 , -0.269989
9.285 , -0.2799988
9.286 , -0.2799988
9.287 , -0.3500061
9.289 , -0.3400116
9.29 , -0.3100128
9.291 , -0.3400116
9.292 , -0.3699951
9.293 , -0.3300018
9.294 , -0.3699951
9.296 , -0.3600006
9.297 , -0.3600006
9.298 , -0.3500061
9.299 , -0.3100128
9.3 , -0.3500061
9.302 , -0.3399963
9.303 , -0.3399963
9.304 , -0.3399963
9.305 , -0.3300018
9.306 , -0.3300018
9.308 , -0.3499908
9.309 , -0.3499908
9.31 , -0.3199921
9.311 , -0.3199921
9.312 , -0.3099976
9.314 , -0.3399963
9.315 , -0.3300018
9.316 , -0.3300018
9.317 , -0.3300018
9.318 , -0.3399963
9.319 , -0.3799896
9.321 , -0.3399963
9.322 , -0.3300018
9.323 , -0.3699951
9.324 , -0.3300018
9.325 , -0.3200073
9.327 , -0.3600006
9.328 , -0.3499908
9.329 , -0.3099976
9.33 , -0.3499908
9.331 , -0.3499908
9.333 , -0.3000031
9.334 , -0.3699951
9.335 , -0.3600006
9.336 , -0.3600006
9.337 , -0.3300018
9.338 , -0.3300018
9.34 , -0.3499908
9.341 , -0.3199921
9.342 , -0.3099976
9.343 , -0.3399963
9.344 , -0.3099976
9.346 , -0.3300018
9.347 , -0.3300018
9.348 , -0.3700104
9.349 , -0.3600006
9.35 , -0.3600006
9.351 , -0.3600006
9.353 , -0.3500061
9.354 , -0.4000092
9.355 , -0.3399963
9.356 , -0.2999878
9.357 , -0.3699951
9.359 , -0.3300018
9.36 , -0.3600006
9.361 , -0.3300018
9.362 , -0.3200073
9.363 , -0.3200073
9.364 , -0.3200073
9.366 , -0.3099976
9.367 , -0.3399963
9.368 , -0.3399963
9.369 , -0.3500061
9.37 , -0.3500061
9.372 , -0.3400116
9.373 , -0.3400116
9.374 , -0.3400116
9.375 , -0.3300018
9.376 , -0.3699951
9.377 , -0.3300018
9.379 , -0.3200073
9.38 , -0.3600006
9.381 , -0.3200073
9.382 , -0.3100128
9.383 , -0.3500061
9.384 , -0.3100128
9.386 , -0.3399963
9.387 , -0.3399963
9.388 , -0.3399963
9.389 , -0.3300018
9.391 , -0.2900085
9.392 , -0.2799988
9.393 , -0.3199921
9.394 , -0.3199921
9.395 , -0.3099976
9.397 , -0.3099976
9.398 , -0.3099976
9.399 , -0.3000031
9.4 , -0.3300018
9.401 , -0.3000031
9.403 , -0.2899933
9.404 , -0.2899933
9.405 , -0.2799988
9.406 , -0.2799988
9.407 , -0.3099976
9.409 , -0.3000031
9.41 , -0.2700043
9.411 , -0.3000031
9.412 , -0.2599945
9.413 , -0.2599945
9.415 , -0.2599945
9.416 , -0.3200073
9.417 , -0.2799988
9.418 , -0.2799988
9.419 , -0.2700043
9.421 , -0.2400055
9.422 , -0.2299957
9.423 , -0.1900024
9.424 , -0.2299957
9.425 , -0.2299957
9.427 , -0.1800079
9.428 , -0.1600037
9.429 , -0.2100067
9.43 , -0.1700134
9.431 , -0.1700134
9.432 , -0.1399994
9.434 , -0.1399994
9.435 , -0.1100006
9.436 , -0.05999756
9.437 , -0.1000061
9.439 , -0.04998779
9.44 , -0.01998901
9.441 , 0.02000427
9.443 , 0.02999878
9.444 , 0.08000183
9.445 , 0.08000183
9.447 , 0.08999634
9.448 , 0.08999634
9.45 , 0.1399994
9.451 , 0.1699982
9.452 , 0.1799927
9.453 , 0.2200012
9.455 , 0.2400055
9.456 , 0.25
9.457 , 0.2999878
9.458 , 0.3499908
9.459 , 0.3600006
9.46 , 0.4000092
9.462 , 0.4100037
9.463 , 0.4299927
9.464 , 0.4799957
9.465 , 0.5
9.466 , 0.5099945
9.468 , 0.5399933
9.469 , 0.5500031
9.47 , 0.6399994
9.471 , 0.6399994
9.472 , 0.6900024
9.474 , 0.7200012
9.475 , 0.6900024
9.476 , 0.730011
9.477 , 0.75
9.478 , 0.8000031
9.479 , 0.8300018
9.481 , 0.8300018
9.482 , 0.8799896
9.483 , 0.8799896
9.484 , 0.9100037
9.485 , 0.9100037
9.487 , 0.9600067
9.488 , 0.9900055
9.489 , 1.0
9.49 , 1.020004
9.491 , 1.0
9.492 , 1.020004
9.494 , 1.029999
9.495 , 1.069992
9.496 , 1.080002
9.497 , 1.110001
9.498 , 1.150009
9.499 , 1.119995
9.501 , 1.119995
9.502 , 1.190002
9.503 , 1.169998
9.504 , 1.199997
9.505 , 1.199997
9.507 , 1.230011
9.508 , 1.210007
9.509 , 1.240005
9.51 , 1.240005
9.511 , 1.240005
9.512 , 1.220001
9.513 , 1.229996
9.515 , 1.25
9.516 , 1.240005
9.517 , 1.300003
9.518 , 1.240005
9.519 , 1.270004
9.52 , 1.25
9.521 , 1.25
9.523 , 1.26001
9.524 , 1.26001
9.525 , 1.280014
9.526 , 1.290009
9.527 , 1.240005
9.528 , 1.290009
9.53 , 1.25
9.531 , 1.25
9.532 , 1.209991
9.533 , 1.220001
9.534 , 1.220001
9.535 , 1.220001
9.537 , 1.199997
9.538 , 1.199997
9.539 , 1.209991
9.54 , 1.169998
9.541 , 1.169998
9.543 , 1.160004
9.544 , 1.160004
9.545 , 1.160004
9.546 , 1.100006
9.547 , 1.100006
9.548 , 1.069992
9.55 , 1.039993
9.559 , 0.9100037
9.56 , 0.8900146
9.561 , 0.8900146
9.562 , 0.8200073
9.563 , 0.8000031
9.564 , 0.8000031
9.566 , 0.7399902
9.567 , 0.7200012
9.568 , 0.7399902
9.569 , 0.6799927
9.57 , 0.6600037
9.572 , 0.6399994
9.573 , 0.6499939
9.574 , 0.6000061
9.575 , 0.5800018
9.577 , 0.519989
9.578 , 0.519989
9.579 , 0.519989
9.58 , 0.4600067
9.581 , 0.4600067
9.582 , 0.4400024
9.584 , 0.4499969
9.585 , 0.3800049
9.586 , 0.4199982
9.587 , 0.3899994
9.589 , 0.3199921
9.59 , 0.3099976
9.591 , 0.2700043
9.592 , 0.2700043
9.593 , 0.2799988
9.595 , 0.2099915
9.596 , 0.1899872
9.597 , 0.1899872
9.598 , 0.219986
9.599 , 0.09999084
9.601 , 0.1399994
9.602 , 0.1100006
9.603 , 0.08000183
9.605 , 0.08000183
9.606 , 0.0900116
9.607 , 0.06001282
9.609 , 0.0
9.61 , 0.009994507
9.611 , 0.009994507
9.613 , -0.01000977
9.614 , -0.01000977
9.616 , -0.03999329
9.617 , -0.03999329
9.619 , -0.03999329
9.62 , -0.02999878
9.621 , -0.05999756
9.623 , -0.05000305
9.624 , -0.0900116
9.626 , -0.08000183
9.627 , -0.1100006
9.628 , -0.08000183
9.629 , -0.1100006
9.631 , -0.1000061
9.632 , -0.1199951
9.633 , -0.1100006
9.634 , -0.1500092
9.635 , -0.1500092
9.637 , -0.1399994
9.638 , -0.1399994
9.639 , -0.1399994
9.64 , -0.1300049
9.641 , -0.1300049
9.643 , -0.1199951
9.644 , -0.1499939
9.645 , -0.1199951
9.646 , -0.1100006
9.647 , -0.1399994
9.649 , -0.1399994
9.65 , -0.1300049
9.651 , -0.1999969
9.652 , -0.1699982
9.653 , -0.1599884
9.655 , -0.1899872
9.656 , -0.1899872
9.657 , -0.1799927
9.658 , -0.2200012
9.659 , -0.2200012
9.661 , -0.2100067
9.662 , -0.2100067
9.663 , -0.1599884
9.664 , -0.1999969
9.665 , -0.1999969
9.667 , -0.1900024
9.668 , -0.2100067
9.669 , -0.2100067
9.67 , -0.2000122
9.671 , -0.230011
9.673 , -0.2599945
9.674 , -0.2599945
9.675 , -0.2200012
9.676 , -0.2599945
9.677 , -0.25
9.679 , -0.2100067
9.68 , -0.2400055
9.681 , -0.2400055
9.682 , -0.2400055
9.683 , -0.1900024
9.684 , -0.1600037
9.686 , -0.1900024
9.687 , -0.2200012
9.688 , -0.1800079
9.689 , -0.2200012
9.69 , -0.2399902
9.692 , -0.2399902
9.693 , -0.2700043
9.694 , -0.2700043
9.695 , -0.2700043
9.696 , -0.2299957
9.698 , -0.2600098
9.699 , -0.2200012
9.7 , -0.2099915
9.701 , -0.2099915
9.702 , -0.2099915
9.704 , -0.1999969
9.705 , -0.1999969
9.706 , -0.1999969
9.707 , -0.230011
9.708 , -0.230011
9.71 , -0.2200012
9.711 , -0.1799927
9.712 , -0.1799927
9.713 , -0.1699982
9.714 , -0.1699982
9.716 , -0.1699982
9.717 , -0.1600037
9.718 , -0.2000122
9.719 , -0.1600037
9.72 , -0.1900024
9.721 , -0.1499939
9.723 , -0.1399994
9.724 , -0.1399994
9.725 , -0.1399994
9.726 , -0.1399994
9.728 , -0.1299896
9.729 , -0.1299896
9.73 , -0.1600037
9.731 , -0.1199951
9.732 , -0.1600037
9.734 , -0.1699982
9.735 , -0.1100006
9.736 , -0.1500092
9.737 , -0.1399994
9.738 , -0.1399994
9.74 , -0.08999634
9.741 , -0.1300049
9.742 , -0.1300049
9.743 , -0.1300049
9.745 , -0.08000183
9.746 , -0.1200104
9.747 , -0.03999329
9.749 , -0.1100006
9.75 , -0.1000061
9.751 , -0.1000061
9.752 , -0.1000061
9.753 , -0.1000061
9.754 , -0.0900116
9.756 , -0.1100006
9.757 , -0.08000183
9.758 , -0.08000183
9.76 , -0.07000732
9.761 , -0.02999878
9.762 , -0.08999634
9.764 , -0.02000427
9.765 , -0.08000183
9.767 , -0.05000305
9.768 , -0.06999207
9.769 , -0.06999207
9.771 , -0.05999756
9.772 , -0.04000854
9.774 , -0.04998779
9.775 , -0.04998779
9.777 , -0.06999207
9.778 , -0.03999329
9.779 , -0.03999329
9.781 , -0.02999878
9.782 , -0.02999878
9.784 , -0.04998779
9.785 , -0.01998901
9.787 , -0.009994507
9.788 , -0.08000183
9.789 , -0.03999329
9.791 , -0.07000732
9.792 , -0.07000732
9.794 , -0.01998901
9.795 , -0.05999756
9.796 , -0.05999756
9.798 , -0.05000305
9.799 , -0.05000305
9.801 , -0.07000732
9.802 , -0.04000854
9.803 , -0.07000732
9.805 , -0.05999756
9.806 , -0.05999756
9.808 , -0.05000305
9.809 , -0.05000305
9.81 , -0.08999634
9.812 , -0.09999084
9.813 , -0.09999084
9.815 , -0.06999207
9.816 , -0.08999634
9.817 , -0.08000183
9.819 , -0.08000183
9.82 , -0.08000183
9.822 , -0.09999084
9.823 , -0.09999084
9.824 , -0.08999634
9.826 , -0.05999756
9.827 , -0.05000305
9.829 , -0.1200104
9.83 , -0.1500092
9.831 , -0.1100006
9.832 , -0.1799927
9.833 , -0.1100006
9.835 , -0.1699982
9.836 , -0.1900024
9.837 , -0.1200104
9.838 , -0.1200104
9.839 , -0.1600037
9.841 , -0.1699982
9.842 , -0.1699982
9.843 , -0.1699982
9.844 , -0.1399994
9.845 , -0.2100067
9.847 , -0.1500092
9.848 , -0.2000122
9.849 , -0.2000122
9.85 , -0.2200012
9.851 , -0.1900024
9.852 , -0.1900024
9.854 , -0.1999969
9.855 , -0.2299957
9.856 , -0.2299957
9.857 , -0.219986
9.858 , -0.1899872
9.86 , -0.219986
9.861 , -0.1799927
9.862 , -0.2099915
9.863 , -0.2099915
9.865 , -0.1999969
9.866 , -0.1999969
9.867 , -0.2299957
9.868 , -0.2299957
9.87 , -0.2299957
9.871 , -0.2400055
9.872 , -0.2400055
9.873 , -0.2400055
9.874 , -0.230011
9.876 , -0.2799988
9.877 , -0.269989
9.878 , -0.2200012
9.879 , -0.269989
9.88 , -0.2200012
9.882 , -0.2599945
9.883 , -0.2599945
9.884 , -0.25
9.885 , -0.25
9.886 , -0.2700043
9.888 , -0.2599945
9.889 , -0.2599945
9.89 , -0.2599945
9.891 , -0.3200073
9.892 , -0.3200073
9.894 , -0.3399963
9.895 , -0.2399902
9.896 , -0.3099976
9.897 , -0.3399963
9.898 , -0.3300018
9.9 , -0.3300018
9.901 , -0.3200073
9.902 , -0.3200073
9.903 , -0.3200073
9.904 , -0.3099976
9.906 , -0.3099976
9.907 , -0.3099976
9.908 , -0.3000031
9.909 , -0.3399963
9.91 , -0.3399963
9.912 , -0.3500061
9.913 , -0.3300018
9.914 , -0.3399963
9.915 , -0.3399963
9.916 , -0.3399963
9.918 , -0.3099976
9.919 , -0.3300018
9.92 , -0.3300018
9.921 , -0.3000031
9.922 , -0.3200073
9.924 , -0.3399963
9.925 , -0.2899933
9.926 , -0.3399963
9.927 , -0.3399963
9.928 , -0.3699951
9.93 , -0.3300018
9.931 , -0.3200073
9.932 , -0.3200073
9.933 , -0.3200073
9.934 , -0.3499908
9.936 , -0.3499908
9.937 , -0.3099976
9.938 , -0.3399963
9.939 , -0.3000031
9.94 , -0.3000031
9.942 , -0.3299866
9.943 , -0.3299866
9.944 , -0.3199921
9.945 , -0.3199921
9.946 , -0.3500061
9.948 , -0.3400116
9.949 , -0.3400116
9.95 , -0.3400116
9.951 , -0.3699951
9.952 , -0.3300018
9.954 , -0.3600006
9.955 , -0.3200073
9.956 , -0.3200073
9.957 , -0.3200073
9.958 , -0.3100128
9.959 , -0.3500061
9.961 , -0.3399963
9.962 , -0.3399963
9.963 , -0.3399963
9.964 , -0.3399963
9.966 , -0.3300018
9.967 , -0.2900085
9.968 , -0.3200073
9.969 , -0.3400116
9.97 , -0.3200073
9.971 , -0.3300018
9.973 , -0.3300018
9.974 , -0.3099976
9.975 , -0.3200073
9.976 , -0.3699951
9.978 , -0.3599854
9.979 , -0.3099976
9.98 , -0.2899933
9.981 , -0.3000031
9.982 , -0.3000031
9.984 , -0.3000031
9.985 , -0.2900085
9.986 , -0.3399963
9.987 , -0.2900085
9.988 , -0.2799988
9.99 , -0.3299866
9.991 , -0.3199921
9.992 , -0.3399963
9.993 , -0.3199921
9.995 , -0.3300018
9.996 , -0.3300018
9.997 , -0.3300018
9.998 , -0.2999878
9.999 , -0.2999878
10.001 , -0.2899933
10.002 , -0.2899933
10.003 , -0.3099976
10.004 , -0.2899933
10.005 , -0.3300018
10.006 , -0.3000031
10.008 , -0.269989
10.009 , -0.2899933
10.01 , -0.2899933
10.011 , -0.2799988
10.012 , -0.2799988
10.014 , -0.2799988
10.015 , -0.3000031
10.016 , -0.3000031
10.017 , -0.3000031
10.018 , -0.2899933
10.019 , -0.2899933
10.021 , -0.2799988
10.022 , -0.2799988
10.023 , -0.2799988
10.024 , -0.2799988
10.026 , -0.2399902
10.027 , -0.3099976
10.028 , -0.2599945
10.029 , -0.2599945
10.03 , -0.3000031
10.031 , -0.2900085
10.033 , -0.25
10.034 , -0.3600006
10.035 , -0.2999878
10.036 , -0.2999878
10.037 , -0.2999878
10.039 , -0.2700043
10.04 , -0.2700043
10.041 , -0.2700043
10.042 , -0.2799988
10.043 , -0.2600098
10.044 , -0.2799988
10.046 , -0.269989
10.047 , -0.25
10.048 , -0.3300018
10.049 , -0.2599945
10.05 , -0.3099976
10.052 , -0.25
10.053 , -0.3000031
10.054 , -0.3000031
10.055 , -0.3099976
10.056 , -0.2899933
10.057 , -0.2899933
10.059 , -0.2799988
10.06 , -0.2299957
10.061 , -0.2799988
10.062 , -0.269989
10.063 , -0.269989
10.065 , -0.2599945
10.066 , -0.2799988
10.067 , -0.2599945
10.068 , -0.25
10.069 , -0.2700043
10.07 , -0.2700043
10.072 , -0.2599945
10.073 , -0.2599945
10.074 , -0.2599945
10.075 , -0.2799988
10.077 , -0.2799988
10.078 , -0.2400055
10.079 , -0.2700043
10.08 , -0.2400055
10.081 , -0.2700043
10.083 , -0.2299957
10.084 , -0.2599945
10.085 , -0.2200012
10.086 , -0.25
10.087 , -0.2899933
10.088 , -0.2400055
10.089 , -0.2799988
10.091 , -0.2799988
10.092 , -0.2899933
10.093 , -0.2899933
10.094 , -0.2899933
10.096 , -0.2599945
10.097 , -0.2799988
10.098 , -0.2700043
10.099 , -0.25
10.1 , -0.2700043
10.102 , -0.2599945
10.103 , -0.2599945
10.104 , -0.2399902
10.105 , -0.25
10.106 , -0.25
10.107 , -0.25
10.109 , -0.2399902
10.11 , -0.2399902
10.111 , -0.2899933
10.112 , -0.2299957
10.113 , -0.2799988
10.114 , -0.2799988
10.116 , -0.2900085
10.117 , -0.2700043
10.118 , -0.2700043
10.119 , -0.2799988
10.12 , -0.2799988
10.121 , -0.2799988
10.123 , -0.2700043
10.124 , -0.2700043
10.125 , -0.2400055
10.126 , -0.2600098
10.127 , -0.2600098
10.128 , -0.2600098
10.13 , -0.2299957
10.131 , -0.3000031
10.132 , -0.2900085
10.133 , -0.2900085
10.134 , -0.2900085
10.135 , -0.280014
10.137 , -0.280014
10.138 , -0.280014
10.139 , -0.2700043
10.14 , -0.2700043
10.141 , -0.2700043
10.142 , -0.2799988
10.144 , -0.2600098
10.145 , -0.269989
10.146 , -0.269989
10.147 , -0.269989
10.148 , -0.269989
10.15 , -0.3499908
10.151 , -0.2599945
10.152 , -0.3399963
10.153 , -0.3399963
10.154 , -0.25
10.155 , -0.3299866
10.157 , -0.3600006
10.158 , -0.3299866
10.159 , -0.3199921
10.16 , -0.3199921
10.161 , -0.3199921
10.163 , -0.3099976
10.164 , -0.3099976
10.165 , -0.2099915
10.166 , -0.3300018
10.167 , -0.2999878
10.169 , -0.3200073
10.17 , -0.2899933
10.171 , -0.3600006
10.172 , -0.3100128
10.173 , -0.3500061
10.174 , -0.3500061
10.176 , -0.3600006
10.177 , -0.3399963
10.178 , -0.3399963
10.179 , -0.3300018
10.18 , -0.3300018
10.181 , -0.3300018
10.183 , -0.3200073
10.184 , -0.3200073
10.185 , -0.3099976
10.186 , -0.3099976
10.187 , -0.3099976
10.188 , -0.3099976
10.19 , -0.3000031
10.191 , -0.3200073
10.192 , -0.3399963
10.193 , -0.3099976
10.194 , -0.3099976
10.196 , -0.3000031
10.197 , -0.3000031
10.198 , -0.3000031
10.199 , -0.2900085
10.2 , -0.2900085
10.201 , -0.2900085
10.203 , -0.3099976
10.204 , -0.2799988
10.205 , -0.2799988
10.206 , -0.2700043
10.207 , -0.2700043
10.209 , -0.2900085
10.21 , -0.3300018
10.211 , -0.3300018
10.212 , -0.25
10.213 , -0.2799988
10.214 , -0.3199921
10.216 , -0.2700043
10.217 , -0.3099976
10.218 , -0.2700043
10.219 , -0.2600098
10.22 , -0.2600098
10.221 , -0.2100067
10.223 , -0.2200012
10.224 , -0.2200012
10.225 , -0.1999969
10.226 , -0.1900024
10.227 , -0.1900024
10.228 , -0.1500092
10.23 , -0.1399994
10.231 , -0.1399994
10.232 , -0.1300049
10.233 , -0.09999084
10.235 , -0.05999756
10.236 , 0.0
10.237 , 0.01998901
10.239 , 0.02999878
10.24 , 0.08000183
10.241 , 0.1000061
10.242 , 0.1100006
10.244 , 0.1600037
10.253 , 0.3500061
10.254 , 0.3699951
10.255 , 0.3699951
10.256 , 0.4499969
10.257 , 0.4499969
10.259 , 0.480011
10.26 , 0.5299988
10.261 , 0.5299988
10.262 , 0.5599976
10.263 , 0.5999908
10.265 , 0.6300049
10.266 , 0.6799927
10.267 , 0.6799927
10.268 , 0.6799927
10.269 , 0.7400055
10.271 , 0.7200012
10.272 , 0.75
10.273 , 0.7899933
10.274 , 0.7899933
10.275 , 0.8199921
10.276 , 0.9000092
10.278 , 0.8300018
10.279 , 0.9300079
10.28 , 0.9100037
10.281 , 0.9300079
10.282 , 1.0
10.283 , 1.009995
10.285 , 1.050003
10.286 , 1.060013
10.287 , 1.090012
10.288 , 1.090012
10.289 , 1.100006
10.29 , 1.119995
10.292 , 1.070007
10.293 , 1.12999
10.294 , 1.179993
10.295 , 1.179993
10.296 , 1.139999
10.298 , 1.210007
10.299 , 1.259995
10.3 , 1.259995
10.301 , 1.259995
10.302 , 1.220001
10.303 , 1.269989
10.304 , 1.269989
10.306 , 1.309998
10.307 , 1.279999
10.308 , 1.279999
10.309 , 1.319992
10.31 , 1.289993
10.312 , 1.289993
10.313 , 1.300003
10.314 , 1.300003
10.315 , 1.300003
10.316 , 1.309998
10.317 , 1.380005
10.318 , 1.380005
10.32 , 1.389999
10.321 , 1.349991
10.322 , 1.349991
10.323 , 1.400009
10.324 , 1.360001
10.325 , 1.290009
10.327 , 1.369995
10.328 , 1.339996
10.329 , 1.309998
10.33 , 1.349991
10.331 , 1.289993
10.333 , 1.300003
10.334 , 1.25
10.335 , 1.25
10.336 , 1.259995
10.337 , 1.240005
10.338 , 1.169998
10.339 , 1.25
10.341 , 1.220001
10.342 , 1.179993
10.343 , 1.190002
10.344 , 1.169998
10.345 , 1.12001
10.346 , 1.130005
10.347 , 1.110001
10.349 , 1.119995
10.35 , 1.049988
10.351 , 1.019989
10.352 , 0.9799957
10.353 , 0.9900055
10.355 , 0.9400024
10.356 , 0.9499969
10.357 , 0.9100037
10.358 , 0.8799896
10.359 , 0.8799896
10.361 , 0.8500061
10.362 , 0.8500061
10.363 , 0.8600006
10.364 , 0.7900085
10.365 , 0.7700043
10.366 , 0.8000031
10.367 , 0.75
10.369 , 0.6900024
10.37 , 0.7000122
10.371 , 0.6500092
10.372 , 0.6300049
10.373 , 0.6399994
10.374 , 0.6100006
10.376 , 0.5599976
10.377 , 0.5099945
10.378 , 0.5099945
10.379 , 0.4899902
10.38 , 0.5200043
10.382 , 0.4499969
10.383 , 0.4599915
10.384 , 0.4599915
10.385 , 0.3500061
10.386 , 0.3299866
10.388 , 0.3299866
10.389 , 0.2899933
10.39 , 0.25
10.391 , 0.25
10.392 , 0.2100067
10.393 , 0.2200012
10.395 , 0.2200012
10.396 , 0.1600037
10.397 , 0.1600037
10.398 , 0.1300049
10.399 , 0.1600037
10.4 , 0.1699982
10.402 , 0.1199951
10.403 , 0.1299896
10.404 , 0.1299896
10.405 , 0.08999634
10.407 , 0.07000732
10.408 , 0.07000732
10.409 , 0.02999878
10.411 , 0.009994507
10.412 , 0.009994507
10.414 , -0.02000427
10.415 , -0.04000854
10.416 , -0.009994507
10.418 , -0.009994507
10.419 , -0.02999878
10.421 , -0.05000305
10.422 , -0.1199951
10.423 , -0.08000183
10.425 , -0.1100006
10.426 , -0.1399994
10.427 , -0.1600037
10.428 , -0.09999084
10.43 , -0.1500092
10.431 , -0.1500092
10.432 , -0.1500092
10.433 , -0.1700134
10.434 , -0.1700134
10.435 , -0.1400146
10.437 , -0.1999969
10.438 , -0.2299957
10.439 , -0.1600037
10.44 , -0.1900024
10.441 , -0.1900024
10.442 , -0.2200012
10.444 , -0.2099915
10.445 , -0.1799927
10.446 , -0.1799927
10.447 , -0.1999969
10.448 , -0.1999969
10.45 , -0.230011
10.451 , -0.230011
10.452 , -0.230011
10.453 , -0.2399902
10.454 , -0.2200012
10.455 , -0.2200012
10.457 , -0.2299957
10.458 , -0.2100067
10.459 , -0.2299957
10.46 , -0.2200012
10.461 , -0.2200012
10.463 , -0.1900024
10.464 , -0.2099915
10.465 , -0.2599945
10.466 , -0.2799988
10.467 , -0.25
10.468 , -0.25
10.47 , -0.2400055
10.471 , -0.2600098
10.472 , -0.2600098
10.473 , -0.25
10.474 , -0.2799988
10.475 , -0.2799988
10.477 , -0.2400055
10.478 , -0.2700043
10.479 , -0.2400055
10.48 , -0.2599945
10.481 , -0.2299957
10.483 , -0.2200012
10.484 , -0.2200012
10.485 , -0.25
10.486 , -0.2200012
10.487 , -0.2800064
10.488 , -0.2400055
10.49 , -0.1999969
10.491 , -0.2699966
10.492 , -0.2299957
10.493 , -0.2200012
10.494 , -0.2200012
10.495 , -0.2200012
10.497 , -0.2500076
10.498 , -0.2100067
10.499 , -0.1800079
10.5 , -0.2399979
10.501 , -0.1999969
10.502 , -0.1999969
10.504 , -0.1600037
10.505 , -0.1600037
10.506 , -0.1900024
10.507 , -0.1800079
10.508 , -0.1800079
10.51 , -0.1699982
10.511 , -0.2099991
10.512 , -0.2099991
10.513 , -0.2099991
10.514 , -0.1600037
10.516 , -0.2000046
10.517 , -0.1500092
10.518 , -0.1500092
10.519 , -0.1900101
10.52 , -0.1399994
10.521 , -0.1399994
10.523 , -0.1100006
10.524 , -0.1000061
10.525 , -0.1000061
10.526 , -0.1000061
10.527 , -0.08999634
10.529 , -0.08999634
10.53 , -0.1100006
10.531 , -0.08000183
10.532 , -0.08000183
10.534 , -0.07000732
10.535 , -0.05000305
10.537 , -0.03999329
10.538 , -0.05999756
10.539 , -0.05999756
10.541 , -0.05000305
10.542 , -0.05000305
10.544 , -0.04000092
10.545 , -0.06999969
10.546 , -0.04000092
10.548 , -0.03000641
10.549 , -0.03000641
10.551 , -0.02000427
10.552 , -0.05000305
10.553 , -0.02000427
10.555 , -0.04000092
10.556 , -0.01000214
10.557 , -0.02999878
10.559 , 0.0
10.56 , -0.02000427
10.561 , 0.009994507
10.563 , 0.009994507
10.564 , 0.01999664
10.565 , 0.01999664
10.567 , 0.0
10.568 , -0.04000092
10.569 , -0.04000092
10.571 , -0.03000641
10.572 , 0.009994507
10.574 , -0.02000427
10.575 , -0.02000427
10.576 , -0.02000427
10.578 , -0.02999878
10.579 , 0.02999878
10.581 , 0.0
10.582 , 0.0
10.583 , 0.0
10.584 , 0.009994507
10.585 , 0.009994507
10.587 , 0.0
10.588 , 0.0
10.589 , 0.0
10.59 , -0.06999969
10.592 , 0.01000214
10.593 , -0.05999756
10.595 , -0.02999878
10.596 , -0.04999542
10.597 , -0.02000427
10.599 , -0.02000427
10.6 , -0.04000092
10.601 , -0.02999878
10.603 , -0.05999756
10.604 , -0.01999664
10.606 , -0.01999664
10.607 , -0.04000092
10.608 , -0.01000214
10.61 , -0.08000183
10.611 , -0.02999878
10.613 , -0.06999969
10.614 , -0.05999756
10.616 , -0.08000183
10.617 , -0.06999969
10.618 , -0.06999969
10.62 , -0.04999542
10.621 , -0.06000519
10.622 , -0.04000092
10.624 , -0.09999847
10.625 , -0.05000305
10.627 , -0.08999634
10.628 , -0.1100006
10.629 , -0.1100006
10.63 , -0.08999634
10.632 , -0.1000061
10.633 , -0.1000061
10.634 , -0.09000397
10.635 , -0.1600037
10.637 , -0.1100006
10.638 , -0.1100006
10.639 , -0.1500015
10.64 , -0.1500015
10.641 , -0.1399994
10.642 , -0.1399994
10.644 , -0.1300049
10.645 , -0.1600037
10.646 , -0.1300049
10.647 , -0.1500015
10.648 , -0.1500015
10.65 , -0.1900024
10.651 , -0.1800003
10.652 , -0.1999969
10.653 , -0.1999969
10.654 , -0.1900024
10.655 , -0.1700058
10.657 , -0.1800003
10.658 , -0.1800003
10.659 , -0.1800003
10.66 , -0.2300034
10.661 , -0.2200012
10.662 , -0.1699982
10.664 , -0.159996
10.665 , -0.2099991
10.666 , -0.159996
10.667 , -0.2099991
10.668 , -0.2200012
10.67 , -0.2200012
10.671 , -0.2099991
10.672 , -0.2099991
10.673 , -0.2399979
10.674 , -0.2299957
10.676 , -0.2299957
10.677 , -0.2299957
10.678 , -0.2199936
10.679 , -0.2199936
10.68 , -0.2199936
10.682 , -0.2099991
10.683 , -0.2700043
10.684 , -0.1999969
10.685 , -0.2399979
10.686 , -0.2399979
10.688 , -0.25
10.689 , -0.25
10.69 , -0.25
10.691 , -0.2900009
10.692 , -0.2400055
10.693 , -0.2900009
10.695 , -0.2799988
10.696 , -0.2799988
10.697 , -0.3000031
10.698 , -0.2699966
10.7 , -0.2699966
10.701 , -0.2099991
10.702 , -0.2599945
10.703 , -0.2599945
10.704 , -0.2700043
10.706 , -0.2700043
10.707 , -0.2700043
10.708 , -0.2600021
10.709 , -0.2900009
10.71 , -0.2900009
10.711 , -0.2799988
10.712 , -0.25
10.714 , -0.2700043
10.715 , -0.2700043
10.716 , -0.3100052
10.717 , -0.2400055
10.718 , -0.3000031
10.719 , -0.3000031
10.721 , -0.25
10.722 , -0.25
10.723 , -0.2900009
10.724 , -0.2799988
10.725 , -0.2799988
10.726 , -0.2799988
10.728 , -0.2700043
10.729 , -0.2700043
10.73 , -0.2900009
10.731 , -0.2799988
10.733 , -0.2799988
10.734 , -0.2699966
10.735 , -0.3199997
10.736 , -0.25
10.737 , -0.3199997
10.739 , -0.3100052
10.74 , -0.3100052
10.741 , -0.25
10.742 , -0.3000031
10.743 , -0.3000031
10.744 , -0.2399979
10.746 , -0.2900009
10.747 , -0.2900009
10.748 , -0.2799988
10.749 , -0.2999954
10.75 , -0.2999954
10.752 , -0.2700043
10.753 , -0.3199997
10.754 , -0.2900009
10.755 , -0.3099976
10.756 , -0.2799988
10.758 , -0.2699966
10.759 , -0.2699966
10.76 , -0.2699966
10.761 , -0.2399979
10.762 , -0.2599945
10.764 , -0.2899933
10.765 , -0.25
10.766 , -0.25
10.767 , -0.2799988
10.768 , -0.2699966
10.77 , -0.2699966
10.771 , -0.2999954
10.772 , -0.2599945
10.773 , -0.2999954
10.775 , -0.2900009
10.776 , -0.2900009
10.777 , -0.2900009
10.778 , -0.2799988
10.779 , -0.2399979
10.78 , -0.2399979
10.782 , -0.2299957
10.783 , -0.2699966
10.784 , -0.2699966
10.785 , -0.2199936
10.787 , -0.2599945
10.788 , -0.25
10.789 , -0.25
10.79 , -0.2700043
10.791 , -0.2600021
10.793 , -0.2600021
10.794 , -0.3099976
10.795 , -0.25
10.796 , -0.2299957
10.797 , -0.25
10.799 , -0.2400055
10.8 , -0.2400055
10.801 , -0.2300034
10.802 , -0.2300034
10.803 , -0.2300034
10.804 , -0.2300034
10.806 , -0.2699966
10.807 , -0.2200012
10.808 , -0.2799988
10.809 , -0.2599945
10.81 , -0.2599945
10.811 , -0.2000046
10.813 , -0.2700043
10.814 , -0.2700043
10.815 , -0.2600021
10.816 , -0.2399979
10.817 , -0.2600021
10.818 , -0.2299957
10.82 , -0.2299957
10.821 , -0.2200012
10.822 , -0.1700058
10.823 , -0.2400055
10.824 , -0.2900009
10.826 , -0.2099991
10.827 , -0.2300034
10.828 , -0.2200012
10.829 , -0.2200012
10.83 , -0.2900009
10.831 , -0.2699966
10.833 , -0.2599945
10.834 , -0.2599945
10.835 , -0.25
10.836 , -0.25
10.837 , -0.2700043
10.838 , -0.1900024
10.84 , -0.2399979
10.841 , -0.2399979
10.842 , -0.2299957
10.843 , -0.25
10.844 , -0.2299957
10.846 , -0.2199936
10.847 , -0.2399979
10.848 , -0.2099991
10.849 , -0.2300034
10.85 , -0.2300034
10.852 , -0.2200012
10.853 , -0.2399979
10.854 , -0.2399979
10.855 , -0.2799988
10.856 , -0.2099991
10.858 , -0.2200012
10.859 , -0.2200012
10.86 , -0.2200012
10.861 , -0.2200012
10.862 , -0.2099991
10.863 , -0.2099991
10.865 , -0.1800003
10.866 , -0.1999969
10.867 , -0.1999969
10.868 , -0.1899948
10.869 , -0.1899948
10.871 , -0.2599945
10.872 , -0.2300034
10.873 , -0.25
10.874 , -0.25
10.875 , -0.2399979
10.877 , -0.2900009
10.878 , -0.2299957
10.879 , -0.2299957
10.88 , -0.2799988
10.881 , -0.2299957
10.883 , -0.2000046
10.884 , -0.2200012
10.885 , -0.2099991
10.886 , -0.2099991
10.887 , -0.2600021
10.889 , -0.1999969
10.89 , -0.25
10.891 , -0.25
10.892 , -0.2399979
10.893 , -0.2599945
10.895 , -0.2300034
10.896 , -0.2300034
10.897 , -0.25
10.898 , -0.2399979
10.899 , -0.2399979
10.9 , -0.2399979
10.902 , -0.25
10.903 , -0.25
10.904 , -0.2299957
10.905 , -0.2000046
10.906 , -0.2200012
10.908 , -0.2200012
10.909 , -0.2300034
10.91 , -0.2300034
10.911 , -0.2799988
10.912 , -0.2200012
10.913 , -0.2200012
10.915 , -0.2099991
10.916 , -0.2799988
10.917 , -0.2599945
10.918 , -0.2599945
10.919 , -0.25
10.921 , -0.2700043
10.922 , -0.2600021
10.923 , -0.2399979
10.924 , -0.2399979
10.925 , -0.25
10.926 , -0.2299957
10.928 , -0.25
10.929 , -0.2399979
10.93 , -0.2399979
10.931 , -0.2899933
10.932 , -0.2799988
10.942 , -0.25
10.943 , -0.25
10.944 , -0.25
10.945 , -0.2600021
10.946 , -0.2600021
10.947 , -0.2600021
10.949 , -0.25
10.95 , -0.2999954
10.951 , -0.2299957
10.952 , -0.2399979
10.953 , -0.2399979
10.955 , -0.2300034
10.956 , -0.2799988
10.957 , -0.2799988
10.958 , -0.2799988
10.959 , -0.2200012
10.961 , -0.2699966
10.962 , -0.2799988
10.963 , -0.2799988
10.964 , -0.2599945
10.965 , -0.25
10.967 , -0.2700043
10.968 , -0.25
10.969 , -0.2600021
10.97 , -0.2600021
10.971 , -0.2399979
10.972 , -0.2699966
10.974 , -0.2699966
10.975 , -0.2599945
10.976 , -0.2399979
10.977 , -0.2599945
10.979 , -0.25
10.98 , -0.25
10.981 , -0.25
10.982 , -0.2399979
10.983 , -0.2200012
10.984 , -0.2399979
10.986 , -0.2299957
10.987 , -0.2799988
10.988 , -0.2099991
10.989 , -0.2200012
10.99 , -0.2700043
10.992 , -0.2099991
10.993 , -0.2099991
10.994 , -0.2099991
10.995 , -0.2600021
10.996 , -0.2699966
10.998 , -0.1999969
10.999 , -0.2399979
11.0 , -0.2399979
11.001 , -0.1899948
11.002 , -0.2300034
11.004 , -0.25
11.005 , -0.2300034
11.006 , -0.1699982
11.007 , -0.1699982
11.008 , -0.1699982
11.01 , -0.2099991
11.011 , -0.159996
11.012 , -0.1499939
11.013 , -0.1499939
11.014 , -0.1299973
11.016 , -0.1200027
11.017 , -0.09999847
11.018 , -0.09999847
11.02 , -0.04000092
11.021 , -0.08999634
11.022 , -0.02999878
11.024 , 0.04000092
11.025 , 0.04000092
11.026 , 0.06999969
11.028 , 0.06999969
11.029 , 0.1299973
11.03 , 0.1299973
11.032 , 0.1600037
11.033 , 0.1800003
11.034 , 0.1800003
11.035 , 0.1600037
11.036 , 0.2600021
11.037 , 0.2600021
11.039 , 0.3199997
11.04 , 0.3399963
11.041 , 0.3600006
11.042 , 0.4199982
11.043 , 0.4400024
11.045 , 0.4400024
11.046 , 0.4500046
11.047 , 0.5200043
11.048 , 0.5600052
11.049 , 0.5999985
11.05 , 0.5999985
11.052 , 0.6100006
11.053 , 0.6800003
11.054 , 0.6800003
11.055 , 0.6999969
11.056 , 0.6900024
11.057 , 0.75
11.058 , 0.75
11.06 , 0.8100052
11.061 , 0.7600021
11.062 , 0.8100052
11.063 , 0.8699951
11.064 , 0.8699951
11.065 , 0.8899994
11.067 , 0.9000015
11.068 , 0.9700012
11.069 , 1.0
11.07 , 0.9800034
11.071 , 0.9800034
11.072 , 1.0
11.074 , 1.059998
11.075 , 1.079994
11.076 , 1.089996
11.077 , 1.089996
11.078 , 1.129997
11.079 , 1.139999
11.081 , 1.169998
11.082 , 1.169998
11.083 , 1.220001
11.084 , 1.220001
11.085 , 1.18
11.086 , 1.259995
11.088 , 1.229996
11.089 , 1.269997
11.09 , 1.239998
11.091 , 1.269997
11.092 , 1.269997
11.093 , 1.300003
11.095 , 1.279999
11.096 , 1.290001
11.097 , 1.310005
11.098 , 1.290001
11.099 , 1.299995
11.1 , 1.32
11.102 , 1.32
11.103 , 1.330002
11.104 , 1.330002
11.105 , 1.330002
11.106 , 1.32
11.107 , 1.340004
11.109 , 1.349998
11.11 , 1.349998
11.111 , 1.299995
11.112 , 1.299995
11.113 , 1.309998
11.114 , 1.339996
11.116 , 1.32
11.117 , 1.279999
11.118 , 1.279999
11.119 , 1.290001
11.12 , 1.290001
11.122 , 1.290001
11.123 , 1.299995
11.124 , 1.269997
11.125 , 1.269997
11.126 , 1.239998
11.127 , 1.220001
11.128 , 1.220001
11.13 , 1.18
11.131 , 1.18
11.132 , 1.18
11.133 , 1.169998
11.134 , 1.139999
11.135 , 1.099998
11.136 , 1.089996
11.138 , 1.089996
11.139 , 1.110001
11.14 , 1.050003
11.141 , 1.050003
11.142 , 1.029999
11.143 , 1.040001
11.145 , 0.9700012
11.146 , 0.9799957
11.147 , 0.9799957
11.148 , 0.9599991
11.149 , 0.8899994
11.151 , 0.9000015
11.152 , 0.8700027
11.153 , 0.840004
11.154 , 0.840004
11.155 , 0.8199997
11.156 , 0.7799988
11.158 , 0.7599945
11.159 , 0.7099991
11.16 , 0.6999969
11.161 , 0.6999969
11.162 , 0.6299973
11.164 , 0.6200027
11.165 , 0.6200027
11.166 , 0.5600052
11.167 , 0.5600052
11.168 , 0.5400009
11.17 , 0.5499954
11.171 , 0.4799957
11.172 , 0.4300003
11.173 , 0.4199982
11.174 , 0.3700027
11.175 , 0.3300018
11.177 , 0.340004
11.178 , 0.2900009
11.179 , 0.2700043
11.18 , 0.3000031
11.181 , 0.3000031
11.182 , 0.2300034
11.184 , 0.2200012
11.185 , 0.2200012
11.186 , 0.2099991
11.187 , 0.1600037
11.188 , 0.1399994
11.189 , 0.1399994
11.191 , 0.1000061
11.192 , 0.08000183
11.193 , 0.06999969
11.194 , 0.08999634
11.196 , 0.02999878
11.197 , 0.02999878
11.199 , 0.01000214
11.2 , 0.02000427
11.201 , -0.02999878
11.203 , 0.03000641
11.204 , -0.01999664
11.206 , -0.01000214
11.207 , -0.02999878
11.208 , -0.08000183
11.21 , -0.06999969
11.211 , -0.08999634
11.212 , -0.08999634
11.214 , -0.09999847
11.215 , -0.1500015
11.216 , -0.09999847
11.218 , -0.09000397
11.219 , -0.1600037
11.22 , -0.1500015
11.221 , -0.1500015
11.223 , -0.1200027
11.224 , -0.1200027
11.225 , -0.1200027
11.226 , -0.1900024
11.227 , -0.1800003
11.228 , -0.1299973
11.23 , -0.1900024
11.231 , -0.1700058
11.232 , -0.1700058
11.233 , -0.1999969
11.234 , -0.1999969
11.236 , -0.1800003
11.237 , -0.1699982
11.238 , -0.2399979
11.239 , -0.1899948
11.24 , -0.2300034
11.241 , -0.2300034
11.243 , -0.2399979
11.244 , -0.1699982
11.245 , -0.2900009
11.246 , -0.2900009
11.247 , -0.2799988
11.249 , -0.2799988
11.25 , -0.2900009
11.251 , -0.3099976
11.252 , -0.2900009
11.253 , -0.3000031
11.254 , -0.3000031
11.256 , -0.2800064
11.257 , -0.2900009
11.258 , -0.2900009
11.259 , -0.2900009
11.26 , -0.2799988
11.262 , -0.2600021
11.263 , -0.2699966
11.264 , -0.2699966
11.265 , -0.25
11.266 , -0.2699966
11.267 , -0.3100052
11.269 , -0.2600021
11.27 , -0.3000031
11.271 , -0.3499985
11.272 , -0.3000031
11.273 , -0.3399963
11.274 , -0.3799973
11.276 , -0.3399963
11.277 , -0.3300018
11.278 , -0.3300018
11.279 , -0.3300018
11.28 , -0.3199997
11.282 , -0.3600006
11.283 , -0.3499985
11.284 , -0.3099976
11.285 , -0.3099976
11.286 , -0.3099976
11.288 , -0.3399963
11.289 , -0.2999954
11.29 , -0.2900009
11.291 , -0.3300018
11.292 , -0.3300018
11.294 , -0.3199997
11.295 , -0.2799988
11.296 , -0.3399963
11.297 , -0.3099976
11.298 , -0.3099976
11.3 , -0.3000031
11.301 , -0.3000031
11.302 , -0.2600021
11.303 , -0.2600021
11.304 , -0.25
11.305 , -0.2000046
11.306 , -0.2900009
11.308 , -0.2799988
11.309 , -0.2799988
11.31 , -0.2299957
11.311 , -0.2699966
11.312 , -0.2699966
11.314 , -0.2200012
11.315 , -0.2600021
11.316 , -0.2600021
11.317 , -0.2099991
11.318 , -0.25
11.319 , -0.2099991
11.321 , -0.1999969
11.322 , -0.2399979
11.323 , -0.1999969
11.324 , -0.1900024
11.325 , -0.1900024
11.327 , -0.1800003
11.328 , -0.1800003
11.329 , -0.2200012
11.33 , -0.1699982
11.331 , -0.2099991
11.332 , -0.2099991
11.334 , -0.1100006
11.335 , -0.1999969
11.336 , -0.1999969
11.337 , -0.1500015
11.338 , -0.1900024
11.339 , -0.1900024
11.341 , -0.1800003
11.342 , -0.1399994
11.343 , -0.1399994
11.344 , -0.1299973
11.345 , -0.08000183
11.347 , -0.1199951
11.348 , -0.06999969
11.349 , -0.1199951
11.351 , -0.1100006
11.352 , -0.06000519
11.353 , -0.1100006
11.354 , -0.09999847
11.356 , -0.09999847
11.357 , -0.08999634
11.358 , -0.08999634
11.36 , -0.08000183
11.361 , -0.1200027
11.362 , -0.08000183
11.364 , -0.06999969
11.365 , -0.06999969
11.367 , -0.05999756
11.368 , -0.05999756
11.369 , -0.09999847
11.371 , -0.04999542
11.372 , -0.109993
11.374 , -0.09999847
11.375 , -0.08000183
11.376 , -0.09999847
11.378 , -0.08999634
11.379 , -0.08999634
11.381 , -0.0799942
11.382 , -0.0799942
11.383 , -0.0799942
11.385 , -0.1200027
11.386 , -0.06999969
11.387 , -0.1100006
11.389 , -0.05999756
11.39 , -0.1100006
11.391 , -0.09999847
11.393 , -0.1200027
11.394 , -0.03999329
11.395 , -0.1100006
11.396 , -0.1100006
11.397 , -0.1000061
11.399 , -0.1000061
11.4 , -0.1300049
11.401 , -0.1200027
11.402 , -0.1200027
11.403 , -0.1200027
11.404 , -0.1100006
11.406 , -0.1100006
11.407 , -0.140007
11.408 , -0.07000732
11.409 , -0.140007
11.41 , -0.1600037
11.412 , -0.1300049
11.413 , -0.1500015
11.414 , -0.1399994
11.415 , -0.1399994
11.416 , -0.1900024
11.417 , -0.1800003
11.419 , -0.1299973
11.42 , -0.1800003
11.421 , -0.1200027
11.422 , -0.1700058
11.423 , -0.1700058
11.424 , -0.1600037
11.426 , -0.1600037
11.427 , -0.1699982
11.428 , -0.1699982
11.429 , -0.1500015
11.43 , -0.1999969
11.432 , -0.1899948
11.433 , -0.1899948
11.434 , -0.1800003
11.435 , -0.2200012
11.436 , -0.2200012
11.437 , -0.2099991
11.439 , -0.2300034
11.44 , -0.2099991
11.441 , -0.1999969
11.442 , -0.2200012
11.443 , -0.1999969
11.445 , -0.2100067
11.446 , -0.2100067
11.447 , -0.2000046
11.448 , -0.25
11.449 , -0.25
11.45 , -0.25
11.452 , -0.2399979
11.453 , -0.2600021
11.454 , -0.2299957
11.455 , -0.2999954
11.456 , -0.25
11.457 , -0.2999954
11.459 , -0.2900009
11.46 , -0.3100052
11.461 , -0.2300034
11.462 , -0.2799988
11.463 , -0.2799988
11.465 , -0.2900009
11.466 , -0.2900009
11.467 , -0.2699966
11.468 , -0.3000031
11.469 , -0.3000031
11.47 , -0.3000031
11.472 , -0.2700043
11.473 , -0.2900009
11.474 , -0.2799988
11.475 , -0.2799988
11.476 , -0.2799988
11.478 , -0.2699966
11.479 , -0.3199997
11.48 , -0.3199997
11.481 , -0.3100052
11.483 , -0.3100052
11.484 , -0.3199997
11.485 , -0.25
11.486 , -0.3199997
11.487 , -0.25
11.488 , -0.3099976
11.49 , -0.3099976
11.491 , -0.3500061
11.492 , -0.3500061
11.493 , -0.3000031
11.494 , -0.340004
11.496 , -0.3600006
11.497 , -0.340004
11.498 , -0.3300018
11.499 , -0.3300018
11.5 , -0.3300018
11.501 , -0.3199997
11.503 , -0.3199997
11.504 , -0.3300018
11.505 , -0.3300018
11.506 , -0.3100052
11.507 , -0.3300018
11.509 , -0.3000031
11.51 , -0.3199997
11.511 , -0.3300018
11.512 , -0.3300018
11.513 , -0.3300018
11.514 , -0.3699951
11.516 , -0.3199997
11.517 , -0.3699951
11.518 , -0.3600006
11.519 , -0.3600006
11.52 , -0.3600006
11.521 , -0.3499985
11.523 , -0.3000031
11.524 , -0.2900009
11.525 , -0.3399963
11.526 , -0.2900009
11.527 , -0.2900009
11.528 , -0.3300018
11.53 , -0.3300018
11.531 , -0.3899994
11.532 , -0.3899994
11.533 , -0.340004
11.534 , -0.340004
11.536 , -0.3799973
11.537 , -0.3799973
11.538 , -0.3199997
11.539 , -0.3199997
11.54 , -0.3699951
11.542 , -0.3100052
11.543 , -0.3100052
11.544 , -0.3600006
11.545 , -0.3499985
11.546 , -0.3499985
11.548 , -0.3399963
11.549 , -0.3399963
11.55 , -0.3799973
11.551 , -0.3500061
11.552 , -0.3500061
11.554 , -0.3500061
11.555 , -0.4100037
11.556 , -0.3600006
11.557 , -0.4100037
11.558 , -0.4199982
11.559 , -0.3499985
11.561 , -0.3899994
11.562 , -0.3899994
11.563 , -0.3899994
11.564 , -0.409996
11.566 , -0.3800049
11.567 , -0.3800049
11.568 , -0.3899994
11.569 , -0.3700027
11.57 , -0.3899994
11.572 , -0.3799973
11.573 , -0.3799973
11.574 , -0.3799973
11.575 , -0.4200058
11.576 , -0.3700027
11.578 , -0.340004
11.579 , -0.3600006
11.58 , -0.3600006
11.581 , -0.4000015
11.582 , -0.3499985
11.584 , -0.4000015
11.585 , -0.3399963
11.586 , -0.3199997
11.587 , -0.3899994
11.588 , -0.3800049
11.59 , -0.4000015
11.591 , -0.3700027
11.592 , -0.3899994
11.593 , -0.3899994
11.594 , -0.3700027
11.595 , -0.3799973
11.597 , -0.4300003
11.598 , -0.3499985
11.599 , -0.3499985
11.6 , -0.3499985
11.601 , -0.340004
11.603 , -0.340004
11.604 , -0.3600006
11.605 , -0.3300018
11.606 , -0.3300018
11.607 , -0.3300018
11.608 , -0.3399963
11.61 , -0.3899994
11.611 , -0.3199997
11.612 , -0.3800049
11.613 , -0.4000015
11.614 , -0.3800049
11.616 , -0.3899994
11.625 , -0.3600006
11.626 , -0.340004
11.627 , -0.340004
11.628 , -0.3300018
11.629 , -0.3300018
11.631 , -0.3300018
11.632 , -0.3399963
11.633 , -0.409996
11.634 , -0.3399963
11.635 , -0.3100052
11.637 , -0.3300018
11.638 , -0.3899994
11.639 , -0.3899994
11.64 , -0.3199997
11.641 , -0.3899994
11.643 , -0.2900009
11.644 , -0.3099976
11.645 , -0.2999954
11.646 , -0.2999954
11.647 , -0.2999954
11.649 , -0.3600006
11.65 , -0.2900009
11.651 , -0.3800049
11.652 , -0.3499985
11.653 , -0.3499985
11.655 , -0.3600006
11.656 , -0.3600006
11.657 , -0.3600006
11.658 , -0.3500061
11.659 , -0.4000015
11.66 , -0.3500061
11.662 , -0.3899994
11.663 , -0.3899994
11.664 , -0.4100037
11.665 , -0.3799973
11.666 , -0.3300018
11.668 , -0.3199997
11.669 , -0.3699951
11.67 , -0.3699951
11.671 , -0.3899994
11.672 , -0.3800049
11.674 , -0.3800049
11.675 , -0.3700027
11.676 , -0.3899994
11.677 , -0.3899994
11.678 , -0.3600006
11.68 , -0.3600006
11.681 , -0.3600006
11.682 , -0.4199982
11.683 , -0.4199982
11.684 , -0.3699951
11.686 , -0.3600006
11.687 , -0.340004
11.688 , -0.3600006
11.689 , -0.4000015
11.69 , -0.3499985
11.692 , -0.3899994
11.693 , -0.3899994
11.694 , -0.409996
11.695 , -0.3800049
11.696 , -0.4000015
11.698 , -0.3800049
11.699 , -0.3899994
11.7 , -0.3199997
11.701 , -0.3700027
11.702 , -0.3600006
11.704 , -0.3799973
11.705 , -0.3699951
11.706 , -0.2999954
11.707 , -0.3499985
11.708 , -0.3699951
11.71 , -0.3600006
11.711 , -0.3600006
11.712 , -0.4000015
11.713 , -0.4000015
11.714 , -0.4000015
11.715 , -0.3899994
11.717 , -0.3899994
11.718 , -0.3899994
11.719 , -0.3800049
11.72 , -0.3800049
11.721 , -0.4000015
11.723 , -0.3700027
11.724 , -0.3899994
11.725 , -0.3600006
11.726 , -0.3600006
11.727 , -0.3799973
11.729 , -0.3699951
11.73 , -0.4399948
11.731 , -0.3699951
11.732 , -0.4100037
11.733 , -0.4100037
11.734 , -0.4100037
11.736 , -0.4000015
11.737 , -0.4199982
11.738 , -0.4000015
11.739 , -0.3899994
11.74 , -0.409996
11.742 , -0.4000015
11.743 , -0.3800049
11.744 , -0.3800049
11.745 , -0.3899994
11.746 , -0.4100037
11.748 , -0.3899994
11.749 , -0.4000015
11.75 , -0.4000015
11.751 , -0.4000015
11.752 , -0.3699951
11.753 , -0.3699951
11.755 , -0.3800049
11.756 , -0.3800049
11.757 , -0.3800049
11.758 , -0.3800049
11.759 , -0.3700027
11.761 , -0.3300018
11.762 , -0.3399963
11.763 , -0.3199997
11.764 , -0.3399963
11.765 , -0.3199997
11.767 , -0.3099976
11.768 , -0.3499985
11.769 , -0.3199997
11.77 , -0.340004
11.771 , -0.340004
11.773 , -0.3300018
11.774 , -0.3799973
11.775 , -0.3300018
11.776 , -0.3699951
11.777 , -0.3199997
11.779 , -0.2900009
11.78 , -0.3600006
11.781 , -0.3100052
11.782 , -0.3000031
11.783 , -0.3000031
11.784 , -0.2799988
11.786 , -0.2900009
11.787 , -0.2900009
11.788 , -0.2900009
11.789 , -0.2799988
11.79 , -0.2599945
11.792 , -0.2700043
11.793 , -0.2700043
11.794 , -0.25
11.795 , -0.2700043
11.796 , -0.2399979
11.798 , -0.2200012
11.799 , -0.2299957
11.8 , -0.2099991
11.801 , -0.2099991
11.802 , -0.1500015
11.803 , -0.1500015
11.805 , -0.1300049
11.806 , -0.06999969
11.807 , -0.06999969
11.809 , -0.04000092
11.81 , -0.04000092
11.811 , -0.04000092
11.813 , 0.02000427
11.814 , 0.06000519
11.815 , 0.06000519
11.817 , 0.06999969
11.818 , 0.06999969
11.82 , 0.1500015
11.821 , 0.2200012
11.822 , 0.2300034
11.823 , 0.3000031
11.824 , 0.3199997
11.825 , 0.3000031
11.827 , 0.3799973
11.828 , 0.3799973
11.829 , 0.409996
11.83 , 0.4599991
11.832 , 0.4700012
11.833 , 0.5100021
11.834 , 0.5100021
11.835 , 0.5599976
11.836 , 0.5699997
11.837 , 0.590004
11.839 , 0.6699982
11.84 , 0.6899948
11.841 , 0.6899948
11.842 , 0.75
11.843 , 0.7699966
11.845 , 0.8199997
11.846 , 0.8300018
11.847 , 0.8499985
11.848 , 0.8700027
11.849 , 0.8800049
11.851 , 0.9500046
11.852 , 0.9300003
11.853 , 0.9599991
11.854 , 0.9599991
11.855 , 0.9599991
11.857 , 1.019997
11.858 , 1.040001
11.859 , 1.050003
11.86 , 1.090004
11.861 , 1.090004
11.862 , 1.120003
11.864 , 1.149994
11.865 , 1.199997
11.866 , 1.229996
11.867 , 1.229996
11.868 , 1.229996
11.87 , 1.279999
11.871 , 1.279999
11.872 , 1.279999
11.873 , 1.290001
11.874 , 1.290001
11.876 , 1.349998
11.877 , 1.329994
11.878 , 1.329994
11.879 , 1.339996
11.88 , 1.360001
11.882 , 1.410004
11.883 , 1.420006
11.884 , 1.420006
11.885 , 1.370003
11.886 , 1.43
11.887 , 1.379997
11.888 , 1.379997
11.89 , 1.389999
11.891 , 1.389999
11.892 , 1.389999
11.893 , 1.379997
11.895 , 1.450005
11.896 , 1.389999
11.897 , 1.389999
11.898 , 1.389999
11.899 , 1.399994
11.901 , 1.399994
11.902 , 1.369995
11.903 , 1.409996
11.904 , 1.379997
11.905 , 1.379997
11.906 , 1.389999
11.908 , 1.389999
11.909 , 1.359993
11.91 , 1.339996
11.911 , 1.289993
11.912 , 1.289993
11.914 , 1.279999
11.915 , 1.279999
11.916 , 1.260002
11.917 , 1.260002
11.918 , 1.260002
11.919 , 1.209999
11.921 , 1.209999
11.922 , 1.209999
11.923 , 1.219994
11.924 , 1.169998
11.925 , 1.149994
11.927 , 1.110001
11.928 , 1.110001
11.929 , 1.089996
11.93 , 1.080002
11.931 , 1.080002
11.932 , 1.010002
11.933 , 0.9700012
11.935 , 0.9700012
11.936 , 0.9599991
11.937 , 0.9599991
11.938 , 0.8899994
11.939 , 0.8899994
11.941 , 0.8799973
11.942 , 0.8799973
11.943 , 0.840004
11.944 , 0.8199997
11.945 , 0.8000031
11.947 , 0.7599945
11.948 , 0.7399979
11.949 , 0.6699982
11.95 , 0.6800003
11.951 , 0.6299973
11.953 , 0.6200027
11.954 , 0.5500031
11.955 , 0.5299988
11.956 , 0.4900055
11.957 , 0.4700012
11.959 , 0.4700012
11.96 , 0.4799957
11.961 , 0.409996
11.962 , 0.3899994
11.963 , 0.4000015
11.965 , 0.3499985
11.966 , 0.340004
11.967 , 0.2900009
11.968 , 0.2700043
11.969 , 0.2700043
11.97 , 0.2599945
11.972 , 0.2099991
11.973 , 0.1999969
11.974 , 0.1999969
11.975 , 0.1500015
11.976 , 0.1399994
11.978 , 0.1200027
11.979 , 0.1399994
11.98 , 0.1300049
11.981 , 0.08000183
11.983 , 0.06999969
11.984 , 0.01999664
11.985 , 0.0
11.987 , 0.01000214
11.988 , 0.01000214
11.989 , -0.05999756
11.991 , -0.04999542
11.992 , -0.06999969
11.994 , -0.1100006
11.995 , -0.1100006
11.996 , -0.1200027
11.997 , -0.1200027
11.998 , -0.1200027
11.999 , -0.1200027
12.001 , -0.159996
12.002 , -0.159996
12.003 , -0.1499939
12.004 , -0.1699982
12.005 , -0.1699982
12.007 , -0.1800003
12.008 , -0.1800003
12.009 , -0.1800003
12.01 , -0.2200012
12.011 , -0.2399979
12.012 , -0.2200012
12.013 , -0.2299957
12.015 , -0.2299957
12.016 , -0.2799988
12.017 , -0.2199936
12.018 , -0.2699966
12.019 , -0.2699966
12.021 , -0.2600021
12.022 , -0.2799988
12.023 , -0.25
12.024 , -0.2699966
12.025 , -0.25
12.026 , -0.25
12.028 , -0.2599945
12.029 , -0.2799988
12.03 , -0.2700043
12.031 , -0.2700043
12.032 , -0.2700043
12.034 , -0.2600021
12.035 , -0.3099976
12.036 , -0.3099976
12.037 , -0.2999954
12.038 , -0.3199997
12.039 , -0.3199997
12.041 , -0.3099976
12.042 , -0.3099976
12.043 , -0.3499985
12.044 , -0.3000031
12.045 , -0.3000031
12.047 , -0.2900009
12.048 , -0.3399963
12.049 , -0.2900009
12.05 , -0.2799988
12.051 , -0.3299942
12.052 , -0.3299942
12.054 , -0.3199997
12.055 , -0.340004
12.056 , -0.340004
12.057 , -0.3099976
12.058 , -0.3099976
12.06 , -0.2999954
12.061 , -0.2999954
12.062 , -0.3199997
12.063 , -0.3099976
12.064 , -0.2899933
12.066 , -0.3099976
12.067 , -0.3000031
12.068 , -0.2799988
12.069 , -0.3000031
12.07 , -0.3600006
12.072 , -0.3600006
12.073 , -0.3499985
12.074 , -0.3699951
12.075 , -0.3499985
12.076 , -0.3499985
12.078 , -0.3600006
12.079 , -0.3600006
12.08 , -0.3300018
12.081 , -0.3300018
12.082 , -0.2799988
12.083 , -0.3300018
12.085 , -0.3199997
12.086 , -0.3199997
12.087 , -0.3099976
12.088 , -0.3099976
12.089 , -0.3099976
12.091 , -0.3199997
12.092 , -0.3199997
12.093 , -0.3199997
12.094 , -0.3099976
12.095 , -0.3099976
12.097 , -0.2799988
12.098 , -0.2799988
12.099 , -0.2799988
12.1 , -0.2899933
12.102 , -0.2899933
12.103 , -0.2899933
12.104 , -0.2600021
12.105 , -0.2099991
12.106 , -0.2600021
12.107 , -0.25
12.109 , -0.25
12.11 , -0.2599945
12.111 , -0.2399979
12.112 , -0.2599945
12.113 , -0.1899948
12.115 , -0.3000031
12.116 , -0.25
12.117 , -0.2399979
12.118 , -0.2200012
12.119 , -0.2200012
12.12 , -0.2299957
12.121 , -0.159996
12.123 , -0.2099991
12.124 , -0.2199936
12.125 , -0.1999969
12.126 , -0.1999969
12.127 , -0.1900024
12.129 , -0.1900024
12.13 , -0.1800003
12.131 , -0.1800003
12.132 , -0.1800003
12.133 , -0.1999969
12.134 , -0.1899948
12.136 , -0.1899948
12.137 , -0.1800003
12.138 , -0.1600037
12.139 , -0.1800003
12.14 , -0.1500015
12.142 , -0.1500015
12.143 , -0.1699982
12.144 , -0.1399994
12.145 , -0.1399994
12.146 , -0.1399994
12.147 , -0.1499939
12.149 , -0.1499939
12.15 , -0.1900024
12.151 , -0.1399994
12.152 , -0.1900024
12.153 , -0.1399994
12.155 , -0.1299973
12.156 , -0.1999969
12.157 , -0.1199951
12.158 , -0.1199951
12.159 , -0.1699982
12.161 , -0.1600037
12.162 , -0.1600037
12.163 , -0.1100006
12.164 , -0.1500015
12.165 , -0.1500015
12.166 , -0.1500015
12.168 , -0.1399994
12.169 , -0.1399994
12.17 , -0.2099991
12.171 , -0.1499939
12.173 , -0.1499939
12.174 , -0.1399994
12.175 , -0.1399994
12.176 , -0.1200027
12.177 , -0.1299973
12.178 , -0.1299973
12.18 , -0.1800003
12.181 , -0.09999847
12.182 , -0.09999847
12.184 , -0.109993
12.185 , -0.159996
12.186 , -0.159996
12.187 , -0.1500015
12.188 , -0.1500015
12.19 , -0.1500015
12.191 , -0.1399994
12.192 , -0.159996
12.193 , -0.1399994
12.194 , -0.1299973
12.196 , -0.2200012
12.197 , -0.1600037
12.198 , -0.2100067
12.199 , -0.2100067
12.2 , -0.1600037
12.202 , -0.1299973
12.203 , -0.1299973
12.204 , -0.1399994
12.205 , -0.1900024
12.206 , -0.1900024
12.207 , -0.1800003
12.209 , -0.1999969
12.21 , -0.1999969
12.211 , -0.2400055
12.212 , -0.2400055
12.213 , -0.2400055
12.215 , -0.2300034
12.216 , -0.25
12.217 , -0.2200012
12.218 , -0.2200012
12.219 , -0.2200012
12.22 , -0.2399979
12.221 , -0.2300034
12.223 , -0.2100067
12.224 , -0.2000046
12.225 , -0.2200012
12.226 , -0.2399979
12.227 , -0.2299957
12.229 , -0.2299957
12.23 , -0.2799988
12.231 , -0.2699966
12.232 , -0.2699966
12.233 , -0.2699966
12.235 , -0.2799988
12.236 , -0.2799988
12.237 , -0.2799988
12.238 , -0.3199997
12.239 , -0.3199997
12.241 , -0.2599945
12.242 , -0.2599945
12.243 , -0.3099976
12.244 , -0.3000031
12.245 , -0.3200073
12.247 , -0.3000031
12.248 , -0.2900009
12.249 , -0.3100052
12.25 , -0.3100052
12.251 , -0.3000031
12.252 , -0.3399963
12.254 , -0.3299942
12.255 , -0.3299942
12.256 , -0.3600006
12.257 , -0.3600006
12.258 , -0.3199997
12.26 , -0.3199997
12.261 , -0.340004
12.262 , -0.3099976
12.263 , -0.340004
12.264 , -0.3300018
12.266 , -0.3499985
12.267 , -0.3300018
12.268 , -0.3399963
12.269 , -0.3899994
12.27 , -0.3899994
12.272 , -0.3300018
12.273 , -0.3800049
12.274 , -0.3899994
12.275 , -0.3700027
12.276 , -0.3199997
12.278 , -0.3600006
12.279 , -0.3099976
12.28 , -0.3099976
12.281 , -0.3000031
12.282 , -0.3000031
12.283 , -0.3500061
12.285 , -0.2900009
12.286 , -0.2900009
12.287 , -0.340004
12.288 , -0.3300018
12.289 , -0.2799988
12.291 , -0.3199997
12.292 , -0.3199997
12.293 , -0.3399963
12.294 , -0.3800049
12.295 , -0.3300018
12.304 , -0.3000031
12.306 , -0.3000031
12.307 , -0.3500061
12.308 , -0.340004
12.309 , -0.2900009
12.31 , -0.3600006
12.311 , -0.3499985
12.313 , -0.3499985
12.314 , -0.3399963
12.315 , -0.3399963
12.316 , -0.3399963
12.318 , -0.3300018
12.319 , -0.3500061
12.32 , -0.3300018
12.321 , -0.3199997
12.322 , -0.340004
12.323 , -0.3199997
12.325 , -0.3099976
12.326 , -0.3099976
12.327 , -0.3099976
12.328 , -0.3200073
12.329 , -0.3200073
12.331 , -0.3600006
12.332 , -0.3100052
12.333 , -0.3100052
12.334 , -0.3600006
12.335 , -0.3499985
12.336 , -0.3000031
12.337 , -0.3000031
12.339 , -0.3399963
12.34 , -0.3399963
12.341 , -0.2800064
12.342 , -0.2800064
12.343 , -0.3300018
12.345 , -0.3199997
12.346 , -0.3199997
12.347 , -0.2700043
12.348 , -0.3099976
12.349 , -0.3099976
12.351 , -0.2999954
12.352 , -0.3199997
12.353 , -0.3199997
12.354 , -0.3199997
12.355 , -0.3100052
12.357 , -0.3100052
12.358 , -0.3000031
12.359 , -0.3000031
12.36 , -0.3000031
12.361 , -0.2900009
12.362 , -0.2900009
12.363 , -0.2900009
12.365 , -0.2800064
12.366 , -0.2800064
12.367 , -0.2800064
12.368 , -0.2700043
12.369 , -0.2700043
12.37 , -0.2700043
12.372 , -0.3300018
12.373 , -0.3099976
12.374 , -0.3099976
12.375 , -0.2999954
12.377 , -0.3199997
12.378 , -0.3100052
12.379 , -0.3300018
12.38 , -0.3300018
12.381 , -0.3000031
12.382 , -0.3000031
12.384 , -0.3000031
12.385 , -0.2900009
12.386 , -0.3099976
12.387 , -0.3600006
12.388 , -0.3000031
12.389 , -0.3500061
12.391 , -0.2900009
12.392 , -0.2900009
12.393 , -0.340004
12.394 , -0.3600006
12.395 , -0.3300018
12.396 , -0.3300018
12.398 , -0.2699966
12.399 , -0.2699966
12.4 , -0.3199997
12.401 , -0.3199997
12.403 , -0.2600021
12.404 , -0.2600021
12.405 , -0.2300034
12.406 , -0.3000031
12.407 , -0.3000031
12.408 , -0.2399979
12.41 , -0.2900009
12.411 , -0.3099976
12.412 , -0.3000031
12.413 , -0.3000031
12.414 , -0.3000031
12.415 , -0.2900009
12.417 , -0.2900009
12.418 , -0.2799988
12.419 , -0.3300018
12.42 , -0.3300018
12.421 , -0.2799988
12.423 , -0.25
12.424 , -0.3199997
12.425 , -0.2600021
12.426 , -0.2600021
12.427 , -0.2600021
12.428 , -0.25
12.43 , -0.3000031
12.431 , -0.3000031
12.432 , -0.3099976
12.433 , -0.2900009
12.434 , -0.2900009
12.435 , -0.2999954
12.437 , -0.2799988
12.438 , -0.2700043
12.439 , -0.2700043
12.44 , -0.2700043
12.441 , -0.2900009
12.442 , -0.2799988
12.444 , -0.2799988
12.445 , -0.2699966
12.446 , -0.25
12.447 , -0.2699966
12.448 , -0.2400055
12.45 , -0.2600021
12.451 , -0.3000031
12.452 , -0.2900009
12.453 , -0.25
12.454 , -0.2900009
12.455 , -0.3099976
12.457 , -0.2799988
12.458 , -0.2699966
12.459 , -0.2699966
12.46 , -0.2699966
12.461 , -0.2699966
12.463 , -0.2600021
12.464 , -0.2600021
12.465 , -0.25
12.466 , -0.2799988
12.467 , -0.2799988
12.469 , -0.2399979
12.47 , -0.2699966
12.471 , -0.2900009
12.472 , -0.2800064
12.473 , -0.2800064
12.475 , -0.2700043
12.476 , -0.2700043
12.477 , -0.2700043
12.478 , -0.25
12.479 , -0.3099976
12.48 , -0.2600021
12.482 , -0.25
12.483 , -0.25
12.484 , -0.25
12.485 , -0.2400055
12.486 , -0.2400055
12.487 , -0.2900009
12.489 , -0.2300034
12.49 , -0.2300034
12.491 , -0.2799988
12.492 , -0.2200012
12.493 , -0.2699966
12.495 , -0.2800064
12.496 , -0.2800064
12.497 , -0.2800064
12.498 , -0.2800064
12.499 , -0.25
12.5 , -0.2700043
12.502 , -0.2399979
12.503 , -0.1900024
12.504 , -0.2600021
12.505 , -0.25
12.506 , -0.2299957
12.507 , -0.25
12.509 , -0.2400055
12.51 , -0.2400055
12.511 , -0.2800064
12.512 , -0.2700043
12.513 , -0.2700043
12.514 , -0.2700043
12.516 , -0.2600021
12.517 , -0.2600021
12.518 , -0.2600021
12.519 , -0.2099991
12.52 , -0.25
12.521 , -0.25
12.523 , -0.2700043
12.524 , -0.2400055
12.525 , -0.2300034
12.526 , -0.2300034
12.527 , -0.2300034
12.528 , -0.2600021
12.53 , -0.25
12.531 , -0.25
12.532 , -0.2100067
12.533 , -0.2400055
12.534 , -0.2600021
12.535 , -0.2300034
12.537 , -0.2300034
12.538 , -0.2300034
12.539 , -0.2399979
12.54 , -0.2200012
12.541 , -0.2200012
12.542 , -0.2099991
12.544 , -0.2099991
12.545 , -0.2000046
12.546 , -0.1700058
12.547 , -0.2000046
12.548 , -0.2000046
12.55 , -0.2099991
12.551 , -0.2099991
12.552 , -0.1800003
12.553 , -0.1800003
12.554 , -0.1999969
12.556 , -0.1900024
12.557 , -0.1700058
12.558 , -0.1700058
12.559 , -0.1600037
12.56 , -0.1600037
12.561 , -0.1300049
12.563 , -0.1200027
12.564 , -0.1200027
12.565 , -0.1500015
12.566 , -0.1100006
12.567 , -0.1100006
12.568 , -0.04999542
12.57 , -0.06000519
12.571 , -0.04000092
12.573 , -0.02999878
12.574 , 0.01999664
12.575 , 0.01999664
12.577 , 0.05000305
12.578 , 0.08000183
12.58 , 0.1299973
12.581 , 0.1499939
12.582 , 0.1399994
12.583 , 0.2099991
12.584 , 0.159996
12.586 , 0.2399979
12.587 , 0.2900009
12.588 , 0.2900009
12.589 , 0.3199997
12.59 , 0.340004
12.592 , 0.3499985
12.593 , 0.3999939
12.594 , 0.4199982
12.595 , 0.4899979
12.596 , 0.4799957
12.598 , 0.5
12.599 , 0.5299988
12.6 , 0.5800018
12.601 , 0.5999985
12.602 , 0.6600037
12.604 , 0.6800003
12.605 , 0.7100067
12.606 , 0.7599945
12.607 , 0.7599945
12.608 , 0.7799988
12.609 , 0.840004
12.611 , 0.8600006
12.612 , 0.9200058
12.613 , 0.8700027
12.614 , 0.9200058
12.615 , 0.9400024
12.616 , 0.9499969
12.618 , 0.9699936
12.619 , 1.029999
12.62 , 1.049995
12.621 , 1.049995
12.622 , 1.110001
12.624 , 1.130005
12.625 , 1.130005
12.626 , 1.140007
12.627 , 1.210007
12.628 , 1.160004
12.629 , 1.239998
12.631 , 1.239998
12.632 , 1.239998
12.633 , 1.300003
12.634 , 1.300003
12.635 , 1.300003
12.636 , 1.330002
12.638 , 1.380005
12.639 , 1.389999
12.64 , 1.339996
12.641 , 1.389999
12.642 , 1.409996
12.643 , 1.419998
12.645 , 1.419998
12.646 , 1.450005
12.647 , 1.450005
12.648 , 1.450005
12.649 , 1.510002
12.65 , 1.440002
12.652 , 1.440002
12.653 , 1.449997
12.654 , 1.449997
12.655 , 1.43
12.656 , 1.480003
12.657 , 1.480003
12.659 , 1.490005
12.66 , 1.470001
12.661 , 1.470001
12.662 , 1.490005
12.663 , 1.479996
12.664 , 1.479996
12.666 , 1.470001
12.667 , 1.489998
12.668 , 1.470001
12.669 , 1.480003
12.67 , 1.480003
12.671 , 1.480003
12.673 , 1.440002
12.674 , 1.420006
12.675 , 1.370003
12.676 , 1.43
12.677 , 1.379997
12.678 , 1.360001
12.68 , 1.389999
12.681 , 1.389999
12.682 , 1.370003
12.683 , 1.380005
12.684 , 1.330002
12.685 , 1.330002
12.687 , 1.320007
12.688 , 1.320007
12.689 , 1.259995
12.69 , 1.239998
12.691 , 1.239998
12.692 , 1.189995
12.694 , 1.18
12.695 , 1.160004
12.696 , 1.170006
12.697 , 1.120003
12.698 , 1.100006
12.699 , 1.129997
12.701 , 1.110001
12.702 , 1.059998
12.703 , 1.07
12.704 , 1.049995
12.705 , 0.9799957
12.706 , 0.9899979
12.708 , 0.9700012
12.709 , 0.9199982
12.71 , 0.9100037
12.711 , 0.8600006
12.712 , 0.840004
12.714 , 0.8699951
12.715 , 0.7799988
12.716 , 0.7699966
12.717 , 0.7699966
12.718 , 0.7200012
12.72 , 0.7300034
12.721 , 0.6900024
12.722 , 0.6900024
12.723 , 0.6499939
12.724 , 0.6499939
12.726 , 0.5899963
12.727 , 0.5899963
12.728 , 0.5699997
12.729 , 0.5
12.73 , 0.5100021
12.731 , 0.4400024
12.733 , 0.4500046
12.734 , 0.3899994
12.735 , 0.3899994
12.736 , 0.3499985
12.737 , 0.3699951
12.739 , 0.2999954
12.74 , 0.2900009
12.741 , 0.3099976
12.742 , 0.25
12.743 , 0.2300034
12.744 , 0.2099991
12.746 , 0.2199936
12.747 , 0.1699982
12.748 , 0.1699982
12.749 , 0.109993
12.75 , 0.08999634
12.752 , 0.08999634
12.753 , 0.05999756
12.755 , 0.05999756
12.756 , 0.02000427
12.757 , -0.01999664
12.759 , -0.01999664
12.76 , -0.01000214
12.762 , -0.04000092
12.763 , -0.02999878
12.764 , -0.06999969
12.766 , -0.08999634
12.767 , -0.1100006
12.769 , -0.08999634
12.77 , -0.0799942
12.771 , -0.1499939
12.773 , -0.1399994
12.774 , -0.1600037
12.775 , -0.1600037
12.776 , -0.1900024
12.777 , -0.1900024
12.779 , -0.1500015
12.78 , -0.1800003
12.781 , -0.1800003
12.782 , -0.2099991
12.783 , -0.2000046
12.785 , -0.2000046
12.786 , -0.2000046
12.787 , -0.1900024
12.788 , -0.2300034
12.789 , -0.2799988
12.79 , -0.25
12.792 , -0.2200012
12.793 , -0.2099991
12.794 , -0.2399979
12.795 , -0.2999954
12.796 , -0.2599945
12.798 , -0.25
12.799 , -0.25
12.8 , -0.2399979
12.801 , -0.2200012
12.802 , -0.2399979
12.804 , -0.2299957
12.805 , -0.2099991
12.806 , -0.2299957
12.807 , -0.2200012
12.808 , -0.2900009
12.81 , -0.2799988
12.811 , -0.25
12.812 , -0.2799988
12.813 , -0.3099976
12.814 , -0.2699966
12.816 , -0.3099976
12.817 , -0.2999954
12.818 , -0.2999954
12.819 , -0.3299942
12.82 , -0.2900009
12.822 , -0.2900009
12.823 , -0.2799988
12.824 , -0.2799988
12.825 , -0.2799988
12.826 , -0.2399979
12.828 , -0.2999954
12.829 , -0.2999954
12.83 , -0.2900009
12.831 , -0.2900009
12.832 , -0.3100052
12.834 , -0.2799988
12.835 , -0.3000031
12.836 , -0.2799988
12.837 , -0.2699966
12.839 , -0.2699966
12.84 , -0.2799988
12.841 , -0.2599945
12.842 , -0.2599945
12.843 , -0.2200012
12.844 , -0.25
12.846 , -0.2700043
12.847 , -0.2600021
12.848 , -0.2600021
12.849 , -0.2399979
12.85 , -0.25
12.852 , -0.25
12.853 , -0.2399979
12.854 , -0.2799988
12.855 , -0.2399979
12.856 , -0.2199936
12.858 , -0.2700043
12.859 , -0.2700043
12.86 , -0.2200012
12.861 , -0.2200012
12.862 , -0.1999969
12.864 , -0.2099991
12.865 , -0.2099991
12.866 , -0.1899948
12.867 , -0.1800003
12.868 , -0.2000046
12.869 , -0.1800003
12.871 , -0.1900024
12.872 , -0.2300034
12.873 , -0.1900024
12.874 , -0.2200012
12.875 , -0.2200012
12.876 , -0.2200012
12.878 , -0.1699982
12.879 , -0.1499939
12.88 , -0.1399994
12.881 , -0.1399994
12.883 , -0.1399994
12.884 , -0.1299973
12.885 , -0.1500015
12.886 , -0.1500015
12.887 , -0.1199951
12.888 , -0.1199951
12.89 , -0.1300049
12.891 , -0.1100006
12.892 , -0.1700058
12.893 , -0.1700058
12.894 , -0.1900024
12.896 , -0.1600037
12.897 , -0.1800003
12.898 , -0.1500015
12.899 , -0.1800003
12.9 , -0.09999847
12.902 , -0.09999847
12.903 , -0.1399994
12.904 , -0.1300049
12.906 , -0.1300049
12.907 , -0.1200027
12.908 , -0.08000183
12.909 , -0.1200027
12.91 , -0.1100006
12.912 , -0.1100006
12.913 , -0.1399994
12.914 , -0.1300049
12.915 , -0.1000061
12.916 , -0.1300049
12.918 , -0.09000397
12.919 , -0.1200027
12.92 , -0.1100006
12.921 , -0.1100006
12.922 , -0.08000183
12.924 , -0.06999969
12.925 , -0.09999847
12.927 , -0.06000519
12.928 , -0.09000397
12.929 , -0.06000519
12.931 , -0.08000183
12.932 , -0.08000183
12.934 , -0.06999969
12.935 , -0.1100006
12.936 , -0.1100006
12.937 , -0.09999847
12.939 , -0.09999847
12.94 , -0.05000305
12.941 , -0.1200027
12.943 , -0.09000397
12.944 , -0.08000183
12.945 , -0.08000183
12.947 , -0.09999847
12.948 , -0.09999847
12.95 , -0.09999847
12.951 , -0.09000397
12.953 , -0.1100006
12.954 , -0.1399994
12.955 , -0.1399994
12.956 , -0.1399994
12.957 , -0.08999634
12.959 , -0.159996
12.96 , -0.1299973
12.961 , -0.1499939
12.963 , -0.1199951
12.964 , -0.1100006
12.965 , -0.1399994
12.966 , -0.1100006
12.967 , -0.1299973
12.968 , -0.1299973
12.97 , -0.1699982
12.971 , -0.159996
12.972 , -0.1899948
12.973 , -0.1899948
12.974 , -0.1800003
12.976 , -0.1800003
12.977 , -0.2099991
12.978 , -0.1699982
12.987 , -0.25
12.988 , -0.25
12.99 , -0.2300034
12.991 , -0.2900009
12.992 , -0.2900009
12.993 , -0.3099976
12.994 , -0.2999954
12.996 , -0.2999954
12.997 , -0.2900009
12.998 , -0.2700043
12.999 , -0.2700043
13.0 , -0.2900009
13.001 , -0.2799988
13.003 , -0.2799988
13.004 , -0.25
13.005 , -0.2699966
13.006 , -0.2699966
13.007 , -0.2999954
13.009 , -0.2999954
13.01 , -0.3299942
13.011 , -0.2900009
13.012 , -0.340004
13.013 , -0.3199997
13.015 , -0.3300018
13.016 , -0.3300018
13.017 , -0.3199997
13.018 , -0.3199997
13.019 , -0.3199997
13.02 , -0.2999954
13.022 , -0.3099976
13.023 , -0.3099976
13.024 , -0.3000031
13.025 , -0.3499985
13.026 , -0.3499985
13.028 , -0.3399963
13.029 , -0.3399963
13.03 , -0.3399963
13.031 , -0.3499985
13.032 , -0.3499985
13.034 , -0.3899994
13.035 , -0.340004
13.036 , -0.3899994
13.037 , -0.3899994
13.038 , -0.4000015
13.04 , -0.3799973
13.041 , -0.3699951
13.042 , -0.3699951
13.043 , -0.3699951
13.044 , -0.359993
13.046 , -0.3799973
13.047 , -0.359993
13.048 , -0.3700027
13.049 , -0.3700027
13.05 , -0.3700027
13.052 , -0.3600006
13.053 , -0.4000015
13.054 , -0.4199982
13.055 , -0.3899994
13.056 , -0.3899994
13.057 , -0.4199982
13.059 , -0.3800049
13.06 , -0.3800049
13.061 , -0.3700027
13.062 , -0.4000015
13.063 , -0.3700027
13.064 , -0.3600006
13.066 , -0.3600006
13.067 , -0.3600006
13.068 , -0.3799973
13.069 , -0.3799973
13.07 , -0.3799973
13.072 , -0.3899994
13.073 , -0.3899994
13.074 , -0.3799973
13.075 , -0.3799973
13.077 , -0.3799973
13.078 , -0.3699951
13.079 , -0.4199982
13.08 , -0.4199982
13.081 , -0.3600006
13.083 , -0.3600006
13.084 , -0.4000015
13.085 , -0.4000015
13.086 , -0.3499985
13.087 , -0.4199982
13.088 , -0.3399963
13.09 , -0.409996
13.091 , -0.3999939
13.092 , -0.3999939
13.093 , -0.3999939
13.094 , -0.3899994
13.096 , -0.3899994
13.097 , -0.3899994
13.098 , -0.4199982
13.099 , -0.4199982
13.101 , -0.3699951
13.102 , -0.409996
13.103 , -0.409996
13.104 , -0.4399948
13.105 , -0.4299927
13.107 , -0.3999939
13.108 , -0.3899994
13.109 , -0.4199982
13.11 , -0.4400024
13.111 , -0.4300003
13.113 , -0.4300003
13.114 , -0.4300003
13.115 , -0.3999939
13.116 , -0.4199982
13.117 , -0.4199982
13.119 , -0.3899994
13.12 , -0.4100037
13.121 , -0.3799973
13.122 , -0.4000015
13.123 , -0.3799973
13.124 , -0.4000015
13.126 , -0.3699951
13.127 , -0.3899994
13.128 , -0.3799973
13.129 , -0.4300003
13.13 , -0.3799973
13.132 , -0.3700027
13.133 , -0.4200058
13.134 , -0.4200058
13.135 , -0.3399963
13.136 , -0.4100037
13.138 , -0.3499985
13.139 , -0.4000015
13.14 , -0.4000015
13.141 , -0.390007
13.142 , -0.390007
13.143 , -0.390007
13.145 , -0.3800049
13.146 , -0.3300018
13.147 , -0.3300018
13.148 , -0.3700027
13.149 , -0.3199997
13.15 , -0.3899994
13.152 , -0.3799973
13.153 , -0.3099976
13.154 , -0.3799973
13.155 , -0.3700027
13.157 , -0.3700027
13.158 , -0.340004
13.159 , -0.3600006
13.16 , -0.3600006
13.161 , -0.3300018
13.162 , -0.3300018
13.164 , -0.3499985
13.165 , -0.340004
13.166 , -0.3200073
13.167 , -0.340004
13.168 , -0.3700027
13.169 , -0.3300018
13.171 , -0.3199997
13.172 , -0.3600006
13.173 , -0.3899994
13.174 , -0.3600006
13.176 , -0.3499985
13.177 , -0.3499985
13.178 , -0.340004
13.179 , -0.340004
13.18 , -0.340004
13.182 , -0.3300018
13.183 , -0.3300018
13.184 , -0.3300018
13.185 , -0.3199997
13.186 , -0.3199997
13.187 , -0.3199997
13.189 , -0.3099976
13.19 , -0.3099976
13.191 , -0.359993
13.192 , -0.3300018
13.193 , -0.3300018
13.195 , -0.3399963
13.196 , -0.3399963
13.197 , -0.3199997
13.198 , -0.3099976
13.2 , -0.3099976
13.201 , -0.3099976
13.202 , -0.3000031
13.203 , -0.3000031
13.204 , -0.3199997
13.206 , -0.2900009
13.207 , -0.2900009
13.208 , -0.2799988
13.209 , -0.2799988
13.21 , -0.2999954
13.211 , -0.3499985
13.213 , -0.3399963
13.214 , -0.3399963
13.215 , -0.3300018
13.216 , -0.3300018
13.217 , -0.3300018
13.218 , -0.3199997
13.22 , -0.2699966
13.221 , -0.3199997
13.222 , -0.3099976
13.223 , -0.3099976
13.224 , -0.2599945
13.226 , -0.3000031
13.227 , -0.3000031
13.228 , -0.3099976
13.229 , -0.3099976
13.23 , -0.2900009
13.232 , -0.2999954
13.233 , -0.2299957
13.234 , -0.2999954
13.235 , -0.3299942
13.236 , -0.3299942
13.238 , -0.2799988
13.239 , -0.2799988
13.24 , -0.2799988
13.241 , -0.3199997
13.242 , -0.3099976
13.244 , -0.3099976
13.245 , -0.2599945
13.246 , -0.2599945
13.247 , -0.2999954
13.248 , -0.3200073
13.25 , -0.3200073
13.251 , -0.3600006
13.252 , -0.2799988
13.253 , -0.3499985
13.254 , -0.3100052
13.256 , -0.2699966
13.257 , -0.3399963
13.258 , -0.3000031
13.259 , -0.3299942
13.26 , -0.2900009
13.261 , -0.2900009
13.263 , -0.2800064
13.264 , -0.25
13.265 , -0.3099976
13.266 , -0.3099976
13.267 , -0.3099976
13.269 , -0.2999954
13.27 , -0.2999954
13.271 , -0.2999954
13.272 , -0.2899933
13.273 , -0.2899933
13.275 , -0.3300018
13.276 , -0.3100052
13.277 , -0.3100052
13.278 , -0.3100052
13.279 , -0.3199997
13.28 , -0.3000031
13.282 , -0.2900009
13.283 , -0.2900009
13.284 , -0.2900009
13.285 , -0.3000031
13.286 , -0.2800064
13.288 , -0.2800064
13.289 , -0.2700043
13.29 , -0.2900009
13.291 , -0.2700043
13.292 , -0.2600021
13.293 , -0.2799988
13.295 , -0.2699966
13.296 , -0.3099976
13.297 , -0.3099976
13.298 , -0.3099976
13.3 , -0.3000031
13.301 , -0.3000031
13.302 , -0.25
13.303 , -0.25
13.304 , -0.25
13.305 , -0.2399979
13.306 , -0.3099976
13.308 , -0.2399979
13.309 , -0.2100067
13.31 , -0.2100067
13.311 , -0.2300034
13.312 , -0.2200012
13.313 , -0.2000046
13.315 , -0.25
13.316 , -0.2099991
13.317 , -0.1900024
13.318 , -0.2099991
13.319 , -0.1999969
13.321 , -0.1800003
13.322 , -0.1900024
13.323 , -0.1700058
13.324 , -0.1399994
13.325 , -0.1299973
13.326 , -0.09000397
13.328 , -0.09000397
13.329 , -0.08000183
13.331 , -0.08000183
13.332 , -0.04000092
13.333 , -0.04000092
13.335 , 0.0
13.336 , 0.01000214
13.337 , 0.08000183
13.338 , 0.02999878
13.34 , 0.1100006
13.341 , 0.1100006
13.342 , 0.1500015
13.343 , 0.1500015
13.344 , 0.1900024
13.346 , 0.2199936
13.347 , 0.2199936
13.348 , 0.2699966
13.349 , 0.2799988
13.351 , 0.3300018
13.352 , 0.340004
13.353 , 0.3800049
13.354 , 0.4000015
13.355 , 0.4500046
13.356 , 0.4600067
13.358 , 0.4800034
13.359 , 0.5199966
13.36 , 0.5800018
13.361 , 0.5800018
13.362 , 0.6399994
13.363 , 0.6600037
13.365 , 0.7099991
13.366 , 0.7400055
13.367 , 0.7700043
13.368 , 0.8100052
13.369 , 0.7799988
13.371 , 0.8199997
13.372 , 0.8499985
13.373 , 0.9000015
13.374 , 0.9000015
13.375 , 0.9199982
13.377 , 1.020004
13.378 , 1.020004
13.379 , 1.060005
13.38 , 1.130005
13.381 , 1.130005
13.382 , 1.18
13.383 , 1.199997
13.385 , 1.199997
13.386 , 1.239998
13.387 , 1.279999
13.388 , 1.279999
13.389 , 1.32
13.391 , 1.360001
13.392 , 1.369995
13.393 , 1.329994
13.394 , 1.389999
13.395 , 1.389999
13.397 , 1.43
13.398 , 1.43
13.399 , 1.440002
13.4 , 1.510002
13.401 , 1.480003
13.402 , 1.560005
13.403 , 1.520004
13.404 , 1.580002
13.406 , 1.57
13.407 , 1.57
13.408 , 1.57
13.409 , 1.540001
13.41 , 1.580002
13.412 , 1.590004
13.413 , 1.590004
13.414 , 1.590004
13.415 , 1.590004
13.416 , 1.599998
13.418 , 1.619995
13.419 , 1.629997
13.42 , 1.629997
13.421 , 1.629997
13.422 , 1.629997
13.423 , 1.639999
13.425 , 1.639999
13.426 , 1.630005
13.427 , 1.630005
13.428 , 1.650002
13.429 , 1.639999
13.43 , 1.639999
13.432 , 1.639999
13.433 , 1.580002
13.434 , 1.610001
13.435 , 1.580002
13.436 , 1.590004
13.437 , 1.590004
13.439 , 1.600006
13.44 , 1.600006
13.441 , 1.560005
13.442 , 1.560005
13.443 , 1.57
13.444 , 1.540001
13.445 , 1.519997
13.447 , 1.489998
13.448 , 1.489998
13.449 , 1.5
13.45 , 1.470001
13.451 , 1.470001
13.453 , 1.439995
13.454 , 1.439995
13.455 , 1.409996
13.456 , 1.360001
13.457 , 1.360001
13.458 , 1.330002
13.46 , 1.300003
13.461 , 1.340004
13.462 , 1.300003
13.463 , 1.280006
13.464 , 1.280006
13.465 , 1.240005
13.466 , 1.129997
13.468 , 1.129997
13.469 , 1.190002
13.47 , 1.080002
13.471 , 1.050003
13.472 , 1.050003
13.473 , 1.040001
13.474 , 0.9900055
13.476 , 0.9300003
13.477 , 0.9300003
13.478 , 0.909996
13.479 , 0.8799973
13.48 , 0.8499985
13.482 , 0.8499985
13.483 , 0.840004
13.484 , 0.7700043
13.485 , 0.7300034
13.486 , 0.8000031
13.488 , 0.7400055
13.489 , 0.6999969
13.49 , 0.6499939
13.491 , 0.6499939
13.492 , 0.6299973
13.494 , 0.5699997
13.495 , 0.5500031
13.496 , 0.5100021
13.497 , 0.4900055
13.498 , 0.4500046
13.5 , 0.4299927
13.501 , 0.4299927
13.502 , 0.4599991
13.503 , 0.4000015
13.504 , 0.3699951
13.506 , 0.3199997
13.507 , 0.3199997
13.508 , 0.25
13.509 , 0.25
13.51 , 0.2099991
13.511 , 0.1700058
13.513 , 0.1499939
13.514 , 0.1100006
13.515 , 0.1100006
13.516 , 0.05000305
13.518 , 0.06999969
13.519 , -0.02000427
13.52 , -0.01000214
13.522 , -0.05999756
13.523 , -0.06999969
13.524 , -0.1199951
13.526 , -0.1100006
13.527 , -0.1100006
13.528 , -0.1300049
13.529 , -0.1500015
13.53 , -0.1900024
13.531 , -0.1900024
13.533 , -0.1999969
13.534 , -0.25
13.535 , -0.2699966
13.536 , -0.2400055
13.537 , -0.2800064
13.538 , -0.2800064
13.54 , -0.2700043
13.541 , -0.3199997
13.542 , -0.3199997
13.543 , -0.3099976
13.544 , -0.3099976
13.546 , -0.2999954
13.547 , -0.3199997
13.548 , -0.3699951
13.549 , -0.3899994
13.551 , -0.3800049
13.552 , -0.3800049
13.553 , -0.4100037
13.554 , -0.4100037
13.555 , -0.4400024
13.556 , -0.4300003
13.558 , -0.4300003
13.559 , -0.4499969
13.56 , -0.4200058
13.561 , -0.4900055
13.562 , -0.4400024
13.563 , -0.4800034
13.565 , -0.4800034
13.566 , -0.4700012
13.567 , -0.4700012
13.568 , -0.4700012
13.569 , -0.4899979
13.571 , -0.5199966
13.572 , -0.5199966
13.573 , -0.5100021
13.574 , -0.5400009
13.575 , -0.5400009
13.577 , -0.5
13.578 , -0.5299988
13.579 , -0.5500031
13.58 , -0.5199966
13.581 , -0.5199966
13.583 , -0.5100021
13.584 , -0.5300064
13.585 , -0.5100021
13.586 , -0.5100021
13.587 , -0.5
13.588 , -0.5200043
13.589 , -0.5200043
13.591 , -0.5100021
13.592 , -0.5100021
13.593 , -0.5699997
13.594 , -0.5699997
13.595 , -0.5699997
13.597 , -0.5400009
13.598 , -0.5600052
13.599 , -0.5400009
13.6 , -0.5299988
13.601 , -0.5500031
13.603 , -0.5199966
13.604 , -0.5199966
13.605 , -0.4700012
13.606 , -0.4700012
13.607 , -0.4599991
13.609 , -0.5299988
13.61 , -0.5200043
13.611 , -0.5200043
13.612 , -0.5200043
13.613 , -0.4899979
13.615 , -0.5100021
13.616 , -0.5500031
13.617 , -0.5
13.618 , -0.5400009
13.619 , -0.5400009
13.62 , -0.5300064
13.622 , -0.4900055
13.623 , -0.5200043
13.624 , -0.4599991
13.625 , -0.4599991
13.626 , -0.5200043
13.627 , -0.5100021
13.629 , -0.5100021
13.63 , -0.4599991
13.631 , -0.5
13.632 , -0.5
13.633 , -0.5200043
13.635 , -0.4500046
13.636 , -0.4900055
13.637 , -0.4800034
13.638 , -0.4800034
13.639 , -0.4800034
13.64 , -0.4700012
13.642 , -0.4700012
13.643 , -0.4600067
13.644 , -0.4000015
13.645 , -0.4000015
13.646 , -0.4600067
13.647 , -0.3899994
13.649 , -0.4100037
13.65 , -0.4400024
13.651 , -0.4400024
13.652 , -0.4400024
13.653 , -0.4700012
13.654 , -0.4300003
13.663 , -0.4100037
13.665 , -0.4000015
13.666 , -0.3600006
13.667 , -0.390007
13.668 , -0.3300018
13.669 , -0.390007
13.67 , -0.4100037
13.672 , -0.3199997
13.673 , -0.3800049
13.674 , -0.3300018
13.675 , -0.3700027
13.676 , -0.4000015
13.677 , -0.3199997
13.679 , -0.3600006
13.68 , -0.2900009
13.681 , -0.3500061
13.682 , -0.3500061
13.683 , -0.3500061
13.685 , -0.2799988
13.686 , -0.340004
13.687 , -0.2900009
13.688 , -0.3300018
13.689 , -0.2900009
13.69 , -0.3499985
13.692 , -0.3499985
13.693 , -0.3199997
13.694 , -0.3100052
13.695 , -0.3100052
13.697 , -0.3000031
13.698 , -0.3300018
13.699 , -0.3300018
13.7 , -0.3199997
13.701 , -0.3199997
13.703 , -0.3199997
13.704 , -0.3100052
13.705 , -0.3100052
13.706 , -0.2800064
13.707 , -0.3199997
13.709 , -0.3199997
13.71 , -0.3099976
13.711 , -0.2900009
13.712 , -0.3099976
13.713 , -0.3099976
13.715 , -0.2999954
13.716 , -0.3499985
13.717 , -0.2900009
13.718 , -0.340004
13.719 , -0.2900009
13.72 , -0.3300018
13.722 , -0.2600021
13.723 , -0.3300018
13.724 , -0.2699966
13.725 , -0.3199997
13.726 , -0.3199997
13.728 , -0.2600021
13.729 , -0.3100052
13.73 , -0.3100052
13.731 , -0.3199997
13.732 , -0.3199997
13.734 , -0.3600006
13.735 , -0.3600006
13.736 , -0.3600006
13.737 , -0.3499985
13.738 , -0.3499985
13.739 , -0.3499985
13.741 , -0.340004
13.742 , -0.3600006
13.743 , -0.340004
13.744 , -0.3899994
13.745 , -0.3499985
13.747 , -0.3399963
13.748 , -0.3399963
13.749 , -0.3399963
13.75 , -0.409996
13.751 , -0.3700027
13.753 , -0.4000015
13.754 , -0.3899994
13.755 , -0.4100037
13.756 , -0.3899994
13.757 , -0.4000015
13.759 , -0.4499969
13.76 , -0.4000015
13.761 , -0.3899994
13.762 , -0.3899994
13.764 , -0.3800049
13.765 , -0.3800049
13.766 , -0.4300003
13.767 , -0.4199982
13.768 , -0.4199982
13.769 , -0.4199982
13.771 , -0.409996
13.772 , -0.4700012
13.773 , -0.4300003
13.774 , -0.4599991
13.775 , -0.4599991
13.777 , -0.4500046
13.778 , -0.4500046
13.779 , -0.4800034
13.78 , -0.4800034
13.781 , -0.4700012
13.783 , -0.4400024
13.784 , -0.4599991
13.785 , -0.4599991
13.786 , -0.4599991
13.787 , -0.4500046
13.789 , -0.4500046
13.79 , -0.4500046
13.791 , -0.4599991
13.792 , -0.4599991
13.794 , -0.5
13.795 , -0.5
13.796 , -0.5
13.797 , -0.4399948
13.798 , -0.4899979
13.799 , -0.4899979
13.801 , -0.4800034
13.802 , -0.4800034
13.803 , -0.4800034
13.804 , -0.4700012
13.805 , -0.4899979
13.807 , -0.4899979
13.808 , -0.4599991
13.809 , -0.5199966
13.81 , -0.4799957
13.811 , -0.5100021
13.813 , -0.5100021
13.814 , -0.5
13.815 , -0.5299988
13.816 , -0.5299988
13.817 , -0.5299988
13.819 , -0.5199966
13.82 , -0.5199966
13.821 , -0.5099945
13.822 , -0.4799957
13.823 , -0.5099945
13.825 , -0.5200043
13.826 , -0.5200043
13.827 , -0.5
13.828 , -0.5100021
13.829 , -0.5100021
13.83 , -0.5100021
13.832 , -0.5499954
13.833 , -0.5499954
13.834 , -0.5400009
13.835 , -0.5600052
13.836 , -0.5400009
13.837 , -0.5400009
13.839 , -0.5299988
13.84 , -0.5299988
13.841 , -0.5199966
13.842 , -0.5400009
13.844 , -0.5099945
13.845 , -0.5299988
13.846 , -0.4599991
13.847 , -0.5099945
13.848 , -0.5200043
13.85 , -0.5200043
13.851 , -0.5100021
13.852 , -0.5500031
13.853 , -0.5500031
13.854 , -0.5400009
13.855 , -0.5400009
13.857 , -0.5400009
13.858 , -0.5299988
13.859 , -0.4899979
13.86 , -0.5299988
13.861 , -0.5200043
13.863 , -0.5200043
13.864 , -0.5100021
13.865 , -0.5100021
13.866 , -0.4700012
13.867 , -0.5100021
13.869 , -0.4599991
13.87 , -0.5
13.871 , -0.5200043
13.872 , -0.4900055
13.873 , -0.5200043
13.874 , -0.5100021
13.876 , -0.5100021
13.877 , -0.5500031
13.878 , -0.5400009
13.879 , -0.5
13.88 , -0.5
13.882 , -0.4899979
13.883 , -0.4899979
13.884 , -0.4899979
13.885 , -0.4800034
13.886 , -0.5500031
13.888 , -0.4700012
13.889 , -0.4700012
13.89 , -0.4700012
13.891 , -0.5
13.892 , -0.5299988
13.893 , -0.5
13.895 , -0.4900055
13.896 , -0.5200043
13.897 , -0.4900055
13.898 , -0.4800034
13.899 , -0.4400024
13.901 , -0.4700012
13.902 , -0.4300003
13.903 , -0.4300003
13.904 , -0.5
13.905 , -0.4599991
13.906 , -0.4899979
13.908 , -0.4500046
13.909 , -0.4800034
13.91 , -0.4800034
13.911 , -0.4700012
13.912 , -0.4700012
13.913 , -0.4700012
13.915 , -0.4599991
13.916 , -0.4799957
13.917 , -0.4300003
13.918 , -0.4200058
13.919 , -0.4500046
13.921 , -0.4599991
13.922 , -0.4400024
13.923 , -0.4400024
13.924 , -0.4400024
13.925 , -0.4499969
13.927 , -0.4499969
13.928 , -0.4799957
13.929 , -0.4799957
13.93 , -0.4799957
13.931 , -0.4300003
13.933 , -0.4700012
13.934 , -0.4300003
13.935 , -0.4899979
13.936 , -0.4899979
13.937 , -0.5299988
13.939 , -0.4799957
13.94 , -0.4499969
13.941 , -0.4699936
13.942 , -0.4399948
13.944 , -0.4399948
13.945 , -0.4599991
13.946 , -0.4599991
13.947 , -0.4599991
13.948 , -0.4199982
13.95 , -0.4499969
13.951 , -0.4399948
13.952 , -0.4799957
13.953 , -0.4799957
13.955 , -0.5
13.956 , -0.4700012
13.957 , -0.4700012
13.958 , -0.4599991
13.959 , -0.4199982
13.96 , -0.4599991
13.962 , -0.4799957
13.963 , -0.4499969
13.964 , -0.4499969
13.965 , -0.3999939
13.967 , -0.4399948
13.968 , -0.4599991
13.969 , -0.4300003
13.97 , -0.4599991
13.971 , -0.4599991
13.973 , -0.4499969
13.974 , -0.4499969
13.975 , -0.5
13.976 , -0.4399948
13.978 , -0.4300003
13.979 , -0.4000015
13.98 , -0.4900055
13.981 , -0.4900055
13.982 , -0.4400024
13.983 , -0.4800034
13.985 , -0.409996
13.986 , -0.409996
13.987 , -0.409996
13.988 , -0.4199982
13.99 , -0.4599991
13.991 , -0.3999939
13.992 , -0.4500046
13.993 , -0.4800034
13.994 , -0.4500046
13.996 , -0.4700012
13.997 , -0.4700012
13.998 , -0.4300003
13.999 , -0.4300003
14.0 , -0.4300003
14.001 , -0.5
14.003 , -0.4500046
14.004 , -0.4500046
14.005 , -0.4400024
14.006 , -0.4400024
14.007 , -0.4800034
14.008 , -0.4300003
14.009 , -0.4700012
14.011 , -0.4700012
14.012 , -0.4899979
14.013 , -0.4599991
14.014 , -0.4899979
14.015 , -0.4800034
14.017 , -0.4800034
14.018 , -0.4400024
14.019 , -0.4700012
14.02 , -0.4400024
14.021 , -0.4700012
14.022 , -0.4300003
14.024 , -0.4300003
14.025 , -0.4199982
14.026 , -0.4199982
14.027 , -0.4499969
14.028 , -0.3700027
14.029 , -0.4100037
14.031 , -0.3700027
14.032 , -0.4000015
14.033 , -0.4300003
14.034 , -0.4300003
14.035 , -0.4199982
14.036 , -0.4199982
14.038 , -0.4500046
14.039 , -0.4100037
14.04 , -0.4100037
14.041 , -0.4100037
14.042 , -0.4000015
14.043 , -0.4400024
14.044 , -0.4000015
14.046 , -0.4300003
14.047 , -0.3600006
14.048 , -0.3899994
14.049 , -0.4199982
14.05 , -0.3799973
14.052 , -0.4100037
14.053 , -0.4100037
14.054 , -0.4400024
14.055 , -0.4000015
14.056 , -0.4000015
14.057 , -0.4000015
14.058 , -0.3600006
14.06 , -0.3899994
14.061 , -0.3499985
14.062 , -0.3100052
14.063 , -0.340004
14.064 , -0.340004
14.066 , -0.3300018
14.067 , -0.3300018
14.068 , -0.3300018
14.069 , -0.3199997
14.07 , -0.2900009
14.072 , -0.3099976
14.073 , -0.2799988
14.074 , -0.2799988
14.075 , -0.2700043
14.076 , -0.2700043
14.078 , -0.2300034
14.079 , -0.2600021
14.08 , -0.2600021
14.081 , -0.1900024
14.082 , -0.1800003
14.083 , -0.1199951
14.085 , -0.1700058
14.086 , -0.08000183
14.087 , -0.04000092
14.088 , -0.01000214
14.09 , -0.02999878
14.091 , -0.02999878
14.093 , 0.01000214
14.094 , 0.06999969
14.095 , 0.08000183
14.097 , 0.1100006
14.098 , 0.1500015
14.099 , 0.1899948
14.1 , 0.2999954
14.101 , 0.25
14.103 , 0.3300018
14.104 , 0.3300018
14.105 , 0.340004
14.106 , 0.3700027
14.107 , 0.4300003
14.108 , 0.4800034
14.11 , 0.4900055
14.111 , 0.5100021
14.112 , 0.5499954
14.113 , 0.5499954
14.114 , 0.6100006
14.115 , 0.5999985
14.117 , 0.6699982
14.118 , 0.6900024
14.119 , 0.7700043
14.12 , 0.7700043
14.121 , 0.7900009
14.122 , 0.8699951
14.124 , 0.9199982
14.125 , 0.9399948
14.126 , 0.9300003
14.127 , 0.9799957
14.128 , 1.019997
14.13 , 1.029999
14.131 , 1.099998
14.132 , 1.130005
14.133 , 1.110001
14.134 , 1.160004
14.135 , 1.160004
14.137 , 1.229996
14.138 , 1.229996
14.139 , 1.239998
14.14 , 1.309998
14.141 , 1.339996
14.143 , 1.349998
14.144 , 1.349998
14.145 , 1.410004
14.146 , 1.469994
14.147 , 1.489998
14.149 , 1.479996
14.15 , 1.5
14.151 , 1.5
14.152 , 1.510002
14.153 , 1.559998
14.154 , 1.559998
14.155 , 1.580002
14.157 , 1.610001
14.158 , 1.610001
14.159 , 1.669998
14.16 , 1.669998
14.161 , 1.669998
14.162 , 1.699997
14.164 , 1.699997
14.165 , 1.75
14.166 , 1.760002
14.167 , 1.709999
14.168 , 1.709999
14.17 , 1.769997
14.171 , 1.719994
14.172 , 1.779999
14.173 , 1.729996
14.174 , 1.729996
14.176 , 1.739998
14.177 , 1.790001
14.178 , 1.739998
14.179 , 1.800003
14.18 , 1.800003
14.182 , 1.809998
14.183 , 1.809998
14.184 , 1.829994
14.185 , 1.759995
14.186 , 1.82
14.187 , 1.769997
14.189 , 1.779999
14.19 , 1.760002
14.191 , 1.779999
14.192 , 1.720001
14.193 , 1.700005
14.195 , 1.68
14.196 , 1.709999
14.197 , 1.639999
14.198 , 1.619995
14.199 , 1.650002
14.2 , 1.580002
14.202 , 1.580002
14.203 , 1.57
14.204 , 1.57
14.205 , 1.529999
14.206 , 1.539993
14.208 , 1.509995
14.209 , 1.449997
14.21 , 1.449997
14.211 , 1.43
14.212 , 1.43
14.213 , 1.370003
14.215 , 1.370003
14.216 , 1.360001
14.217 , 1.310005
14.218 , 1.290001
14.219 , 1.32
14.22 , 1.209999
14.221 , 1.229996
14.223 , 1.220001
14.224 , 1.169998
14.225 , 1.169998
14.226 , 1.160004
14.227 , 1.110001
14.228 , 1.050003
14.23 , 1.059998
14.231 , 1.059998
14.232 , 1.009995
14.233 , 0.9700012
14.234 , 1.019997
14.235 , 0.9700012
14.237 , 0.9599991
14.238 , 0.9599991
14.239 , 0.9300003
14.24 , 0.9000015
14.241 , 0.8800049
14.243 , 0.8399963
14.244 , 0.8399963
14.245 , 0.8399963
14.246 , 0.7900009
14.247 , 0.7900009
14.249 , 0.7700043
14.25 , 0.75
14.251 , 0.6800003
14.252 , 0.6800003
14.253 , 0.6499939
14.254 , 0.6499939
14.256 , 0.6299973
14.257 , 0.5899963
14.258 , 0.5599976
14.259 , 0.5500031
14.26 , 0.5500031
14.262 , 0.4800034
14.263 , 0.5200043
14.264 , 0.4500046
14.265 , 0.4900055
14.266 , 0.409996
14.267 , 0.3699951
14.269 , 0.3799973
14.27 , 0.3099976
14.271 , 0.3099976
14.272 , 0.2799988
14.273 , 0.2900009
14.275 , 0.2200012
14.276 , 0.2100067
14.277 , 0.2300034
14.278 , 0.2100067
14.279 , 0.1700058
14.28 , 0.1800003
14.282 , 0.1100006
14.283 , 0.1600037
14.284 , 0.1200027
14.285 , 0.09000397
14.287 , 0.1000061
14.288 , 0.08000183
14.289 , 0.08000183
14.29 , 0.01999664
14.292 , -0.05000305
14.293 , -0.04000092
14.295 , -0.05999756
14.296 , -0.04999542
14.297 , -0.08999634
14.299 , -0.1199951
14.3 , -0.109993
14.301 , -0.1499939
14.303 , -0.1399994
14.304 , -0.1700058
14.305 , -0.2099991
14.306 , -0.1999969
14.307 , -0.2200012
14.309 , -0.25
14.31 , -0.2799988
14.311 , -0.2799988
14.312 , -0.3099976
14.313 , -0.340004
14.314 , -0.3600006
14.316 , -0.3300018
14.317 , -0.3499985
14.318 , -0.3800049
14.319 , -0.4199982
14.32 , -0.409996
14.322 , -0.409996
14.323 , -0.3600006
14.324 , -0.3999939
14.325 , -0.3999939
14.326 , -0.4599991
14.328 , -0.4800034
14.329 , -0.5299988
14.33 , -0.4700012
14.331 , -0.5199966
14.332 , -0.4700012
14.341 , -0.6100006
14.343 , -0.5699997
14.344 , -0.5999985
14.345 , -0.5999985
14.346 , -0.5899963
14.348 , -0.5899963
14.349 , -0.6299973
14.35 , -0.6200027
14.351 , -0.5800018
14.352 , -0.6200027
14.353 , -0.5699997
14.355 , -0.6299973
14.356 , -0.6299973
14.357 , -0.6199951
14.358 , -0.6199951
14.36 , -0.6399994
14.361 , -0.609993
14.362 , -0.609993
14.363 , -0.6300049
14.364 , -0.5999985
14.366 , -0.5999985
14.367 , -0.5899963
14.368 , -0.6200027
14.369 , -0.6200027
14.371 , -0.6100006
14.372 , -0.6499939
14.373 , -0.6399994
14.374 , -0.6000061
14.375 , -0.6000061
14.376 , -0.6000061
14.378 , -0.590004
14.379 , -0.590004
14.38 , -0.5499954
14.381 , -0.5800018
14.382 , -0.5499954
14.384 , -0.5699997
14.385 , -0.5399933
14.386 , -0.5399933
14.387 , -0.5299988
14.388 , -0.5600052
14.39 , -0.5500031
14.391 , -0.5500031
14.392 , -0.5500031
14.393 , -0.5400009
14.394 , -0.5400009
14.395 , -0.5799942
14.397 , -0.6000061
14.398 , -0.5300064
14.399 , -0.5300064
14.4 , -0.5200043
14.401 , -0.5200043
14.403 , -0.5499954
14.404 , -0.5499954
14.405 , -0.5100021
14.406 , -0.5100021
14.407 , -0.5
14.408 , -0.5
14.41 , -0.4900055
14.411 , -0.4900055
14.412 , -0.5299988
14.413 , -0.5199966
14.414 , -0.5199966
14.416 , -0.5500031
14.417 , -0.5099945
14.418 , -0.5099945
14.419 , -0.5099945
14.42 , -0.5
14.421 , -0.5
14.423 , -0.4899979
14.424 , -0.4500046
14.425 , -0.4899979
14.426 , -0.4500046
14.427 , -0.4799957
14.429 , -0.4799957
14.43 , -0.4699936
14.431 , -0.5
14.432 , -0.4699936
14.433 , -0.4699936
14.435 , -0.4900055
14.436 , -0.4599991
14.437 , -0.4800034
14.438 , -0.4800034
14.439 , -0.4499969
14.441 , -0.3699951
14.442 , -0.3699951
14.443 , -0.3699951
14.444 , -0.359993
14.445 , -0.359993
14.447 , -0.3499985
14.448 , -0.3800049
14.449 , -0.3800049
14.45 , -0.409996
14.451 , -0.409996
14.453 , -0.3700027
14.454 , -0.3600006
14.455 , -0.3999939
14.456 , -0.3999939
14.457 , -0.3500061
14.459 , -0.3899994
14.46 , -0.340004
14.461 , -0.3799973
14.462 , -0.3799973
14.463 , -0.3799973
14.465 , -0.3699951
14.466 , -0.3699951
14.467 , -0.359993
14.468 , -0.3899994
14.47 , -0.3499985
14.471 , -0.4200058
14.472 , -0.3800049
14.473 , -0.3800049
14.474 , -0.3700027
14.475 , -0.4100037
14.477 , -0.3600006
14.478 , -0.4000015
14.479 , -0.4000015
14.48 , -0.390007
14.481 , -0.4100037
14.482 , -0.3500061
14.484 , -0.3800049
14.485 , -0.3800049
14.486 , -0.3800049
14.487 , -0.3700027
14.488 , -0.3700027
14.49 , -0.3799973
14.491 , -0.409996
14.492 , -0.3799973
14.493 , -0.409996
14.494 , -0.4000015
14.496 , -0.3700027
14.497 , -0.3899994
14.498 , -0.4300003
14.499 , -0.3600006
14.5 , -0.3799973
14.502 , -0.3799973
14.503 , -0.4199982
14.504 , -0.4100037
14.505 , -0.4100037
14.506 , -0.3700027
14.507 , -0.4000015
14.509 , -0.4300003
14.51 , -0.4599991
14.511 , -0.4199982
14.512 , -0.4199982
14.513 , -0.4599991
14.515 , -0.4499969
14.516 , -0.4699936
14.517 , -0.4400024
14.518 , -0.4400024
14.519 , -0.4400024
14.521 , -0.4499969
14.522 , -0.4300003
14.523 , -0.4499969
14.524 , -0.4399948
14.525 , -0.4399948
14.527 , -0.4299927
14.528 , -0.4299927
14.529 , -0.4299927
14.53 , -0.4799957
14.531 , -0.4700012
14.533 , -0.4900055
14.534 , -0.4800034
14.535 , -0.4800034
14.536 , -0.5100021
14.537 , -0.4700012
14.538 , -0.4700012
14.54 , -0.5
14.541 , -0.4900055
14.542 , -0.4900055
14.543 , -0.4900055
14.544 , -0.5400009
14.545 , -0.5400009
14.547 , -0.5100021
14.548 , -0.5100021
14.549 , -0.5100021
14.55 , -0.5299988
14.551 , -0.5699997
14.553 , -0.5699997
14.554 , -0.5600052
14.555 , -0.5100021
14.556 , -0.5600052
14.557 , -0.5699997
14.558 , -0.5500031
14.56 , -0.5699997
14.561 , -0.5599976
14.562 , -0.5400009
14.563 , -0.5899963
14.564 , -0.5500031
14.566 , -0.5500031
14.567 , -0.5400009
14.568 , -0.5200043
14.569 , -0.5400009
14.57 , -0.5699997
14.572 , -0.5999985
14.573 , -0.5999985
14.574 , -0.5899963
14.575 , -0.5499954
14.576 , -0.5899963
14.578 , -0.5800018
14.579 , -0.6000061
14.58 , -0.5800018
14.581 , -0.5699997
14.582 , -0.590004
14.584 , -0.5599976
14.585 , -0.5800018
14.586 , -0.5800018
14.587 , -0.5700073
14.588 , -0.5700073
14.59 , -0.5500031
14.591 , -0.6100006
14.592 , -0.6100006
14.593 , -0.6100006
14.594 , -0.5999985
14.595 , -0.5999985
14.597 , -0.5999985
14.598 , -0.5899963
14.599 , -0.6100006
14.6 , -0.5400009
14.601 , -0.5800018
14.603 , -0.5800018
14.604 , -0.590004
14.605 , -0.5699997
14.606 , -0.590004
14.607 , -0.590004
14.609 , -0.6500015
14.61 , -0.5800018
14.611 , -0.5699997
14.612 , -0.5999985
14.613 , -0.6399994
14.615 , -0.6300049
14.616 , -0.6300049
14.617 , -0.6300049
14.618 , -0.6200027
14.619 , -0.6200027
14.621 , -0.6100006
14.622 , -0.6299973
14.623 , -0.5699997
14.624 , -0.5600052
14.625 , -0.6000061
14.626 , -0.6000061
14.628 , -0.6100006
14.629 , -0.6100006
14.63 , -0.590004
14.631 , -0.5999985
14.632 , -0.5999985
14.634 , -0.5899963
14.635 , -0.5899963
14.636 , -0.5699997
14.637 , -0.6399994
14.639 , -0.5800018
14.64 , -0.5800018
14.641 , -0.5699997
14.642 , -0.5699997
14.643 , -0.5699997
14.645 , -0.5599976
14.646 , -0.6100006
14.647 , -0.6100006
14.648 , -0.6700058
14.649 , -0.6000061
14.651 , -0.6100006
14.652 , -0.6100006
14.653 , -0.6600037
14.654 , -0.6500015
14.655 , -0.5999985
14.656 , -0.5999985
14.658 , -0.6399994
14.659 , -0.6399994
14.66 , -0.5699997
14.661 , -0.5800018
14.663 , -0.5800018
14.664 , -0.5699997
14.665 , -0.6200027
14.666 , -0.6200027
14.667 , -0.5699997
14.669 , -0.6100006
14.67 , -0.6100006
14.671 , -0.5500031
14.672 , -0.6200027
14.673 , -0.6200027
14.675 , -0.590004
14.676 , -0.6100006
14.677 , -0.590004
14.678 , -0.5800018
14.679 , -0.5800018
14.68 , -0.5800018
14.682 , -0.5899963
14.683 , -0.5899963
14.684 , -0.5699997
14.685 , -0.5600052
14.687 , -0.5600052
14.688 , -0.5500031
14.689 , -0.5999985
14.69 , -0.5500031
14.691 , -0.5599976
14.693 , -0.5400009
14.694 , -0.5599976
14.695 , -0.5499954
14.696 , -0.5499954
14.697 , -0.5499954
14.699 , -0.5699997
14.7 , -0.5400009
14.701 , -0.5299988
14.702 , -0.5299988
14.704 , -0.5599976
14.705 , -0.5199966
14.706 , -0.5199966
14.707 , -0.5499954
14.708 , -0.5100021
14.71 , -0.5100021
14.711 , -0.5299988
14.712 , -0.5299988
14.713 , -0.5299988
14.714 , -0.5299988
14.716 , -0.5199966
14.717 , -0.5599976
14.718 , -0.5499954
14.719 , -0.5099945
14.72 , -0.5499954
14.722 , -0.5
14.723 , -0.5400009
14.724 , -0.5
14.725 , -0.4899979
14.726 , -0.4899979
14.728 , -0.5199966
14.729 , -0.4799957
14.73 , -0.5199966
14.731 , -0.5100021
14.732 , -0.5100021
14.734 , -0.5100021
14.735 , -0.5200043
14.736 , -0.5
14.737 , -0.5200043
14.738 , -0.4899979
14.739 , -0.5100021
14.741 , -0.5499954
14.742 , -0.4799957
14.743 , -0.5
14.744 , -0.5
14.745 , -0.4900055
14.746 , -0.4900055
14.748 , -0.4800034
14.749 , -0.4599991
14.75 , -0.4800034
14.751 , -0.5299988
14.752 , -0.5199966
14.754 , -0.5199966
14.755 , -0.5600052
14.756 , -0.5100021
14.757 , -0.5300064
14.758 , -0.5
14.76 , -0.5200043
14.761 , -0.5
14.762 , -0.4400024
14.763 , -0.5100021
14.764 , -0.4899979
14.765 , -0.4799957
14.767 , -0.5
14.768 , -0.4700012
14.769 , -0.4900055
14.77 , -0.4700012
14.771 , -0.4900055
14.772 , -0.5100021
14.774 , -0.4800034
14.775 , -0.4700012
14.776 , -0.5
14.777 , -0.5
14.778 , -0.4599991
14.779 , -0.4899979
14.781 , -0.4899979
14.782 , -0.4800034
14.783 , -0.4500046
14.784 , -0.4800034
14.786 , -0.4700012
14.787 , -0.4199982
14.788 , -0.4599991
14.789 , -0.4599991
14.79 , -0.4300003
14.792 , -0.4500046
14.793 , -0.4900055
14.794 , -0.5100021
14.795 , -0.4400024
14.796 , -0.4800034
14.798 , -0.4700012
14.799 , -0.4700012
14.8 , -0.4300003
14.801 , -0.4300003
14.802 , -0.4199982
14.803 , -0.4599991
14.805 , -0.4100037
14.806 , -0.4500046
14.807 , -0.4100037
14.808 , -0.4400024
14.809 , -0.4400024
14.81 , -0.4400024
14.812 , -0.4499969
14.813 , -0.4300003
14.814 , -0.4300003
14.815 , -0.4200058
14.816 , -0.4200058
14.818 , -0.4100037
14.819 , -0.4100037
14.82 , -0.3700027
14.821 , -0.4100037
14.822 , -0.4199982
14.823 , -0.3600006
14.825 , -0.3499985
14.826 , -0.3499985
14.827 , -0.3499985
14.828 , -0.3499985
14.83 , -0.2900009
14.831 , -0.3100052
14.832 , -0.2799988
14.833 , -0.3000031
14.834 , -0.3000031
14.835 , -0.2699966
14.837 , -0.2699966
14.838 , -0.1999969
14.839 , -0.1900024
14.84 , -0.1900024
14.841 , -0.1900024
14.843 , -0.09000397
14.844 , -0.1100006
14.845 , -0.02999878
14.847 , -0.02999878
14.848 , 0.04000092
14.849 , 0.05000305
14.851 , 0.05000305
14.852 , 0.1199951
14.853 , 0.2199936
14.855 , 0.2299957
14.856 , 0.2299957
14.857 , 0.2900009
14.858 , 0.3399963
14.859 , 0.3499985
14.861 , 0.3499985
14.862 , 0.4300003
14.863 , 0.5
14.864 , 0.5200043
14.865 , 0.5800018
14.867 , 0.5800018
14.868 , 0.5999985
14.869 , 0.6500015
14.87 , 0.6800003
14.871 , 0.7200012
14.872 , 0.7300034
14.874 , 0.7600021
14.875 , 0.8299942
14.876 , 0.8600006
14.877 , 0.8999939
14.878 , 0.9300003
14.88 , 0.9599991
14.881 , 1.0
14.882 , 1.040001
14.883 , 1.130005
14.884 , 1.130005
14.885 , 1.210007
14.886 , 1.210007
14.888 , 1.210007
14.889 , 1.220001
14.89 , 1.329994
14.891 , 1.329994
14.892 , 1.370003
14.893 , 1.370003
14.895 , 1.440002
14.896 , 1.440002
14.897 , 1.470001
14.898 , 1.540001
14.899 , 1.549995
14.9 , 1.549995
14.902 , 1.650002
14.903 , 1.619995
14.904 , 1.690002
14.905 , 1.720001
14.906 , 1.730003
14.907 , 1.730003
14.909 , 1.740005
14.91 , 1.780006
14.911 , 1.800003
14.912 , 1.790001
14.913 , 1.809998
14.915 , 1.839996
14.916 , 1.849998
14.917 , 1.849998
14.918 , 1.889999
14.919 , 1.900002
14.92 , 1.93
14.922 , 1.939995
14.923 , 1.939995
14.924 , 1.979996
14.925 , 1.939995
14.926 , 1.989998
14.928 , 1.989998
14.929 , 2.0
14.93 , 2.0
14.931 , 2.0
14.932 , 1.970001
14.933 , 1.970001
14.935 , 1.970001
14.936 , 1.979996
14.937 , 1.979996
14.938 , 1.909996
14.939 , 1.989998
14.941 , 1.919998
14.942 , 1.900002
14.943 , 1.93
14.944 , 1.93
14.945 , 1.900002
14.947 , 1.910004
14.948 , 1.890007
14.949 , 1.860001
14.95 , 1.830002
14.951 , 1.790001
14.952 , 1.800003
14.954 , 1.769997
14.955 , 1.769997
14.956 , 1.779999
14.957 , 1.740005
14.958 , 1.720001
14.959 , 1.699997
14.961 , 1.699997
14.962 , 1.669998
14.963 , 1.669998
14.964 , 1.599998
14.966 , 1.610001
14.967 , 1.590004
14.968 , 1.590004
14.969 , 1.57
14.97 , 1.530006
14.971 , 1.460007
14.973 , 1.509995
14.974 , 1.400002
14.975 , 1.379997
14.976 , 1.389999
14.977 , 1.389999
14.979 , 1.370003
14.98 , 1.330002
14.981 , 1.370003
14.982 , 1.300003
14.983 , 1.269997
14.984 , 1.25
14.986 , 1.260002
14.987 , 1.260002
14.988 , 1.190002
14.989 , 1.200005
14.99 , 1.169998
14.991 , 1.110001
14.993 , 1.120003
14.994 , 1.120003
14.995 , 1.050003
14.996 , 1.029999
14.997 , 0.9899979
14.998 , 0.9899979
15.0 , 1.0
15.001 , 1.0
15.002 , 0.9300003
15.003 , 0.9400024
15.004 , 0.9199982
15.005 , 0.9199982
15.007 , 0.8999939
15.008 , 0.859993
15.009 , 0.8499985
15.01 , 0.7999954
15.019 , 0.6699982
15.021 , 0.6199951
15.022 , 0.6199951
15.023 , 0.6299973
15.024 , 0.5899963
15.025 , 0.5699997
15.027 , 0.5299988
15.028 , 0.5100021
15.029 , 0.5200043
15.03 , 0.4500046
15.031 , 0.4700012
15.032 , 0.4500046
15.034 , 0.3899994
15.035 , 0.3899994
15.036 , 0.4000015
15.037 , 0.3300018
15.038 , 0.3300018
15.04 , 0.3199997
15.041 , 0.2900009
15.042 , 0.25
15.043 , 0.2999954
15.044 , 0.2599945
15.045 , 0.2599945
15.047 , 0.1999969
15.048 , 0.25
15.049 , 0.2099991
15.05 , 0.1900024
15.051 , 0.1900024
15.053 , 0.1300049
15.054 , 0.1100006
15.055 , 0.1100006
15.056 , 0.04999542
15.057 , 0.04999542
15.059 , 0.01000214
15.06 , 0.01000214
15.061 , -0.01000214
15.063 , 0.0
15.064 , -0.06999969
15.065 , -0.01999664
15.067 , -0.06000519
15.068 , -0.1300049
15.069 , -0.08000183
15.071 , -0.1600037
15.072 , -0.1600037
15.073 , -0.1500015
15.074 , -0.1999969
15.075 , -0.1999969
15.077 , -0.2799988
15.078 , -0.3299942
15.079 , -0.2799988
15.08 , -0.3199997
15.082 , -0.340004
15.083 , -0.3099976
15.084 , -0.4000015
15.085 , -0.3499985
15.086 , -0.3399963
15.088 , -0.3899994
15.089 , -0.409996
15.09 , -0.4500046
15.091 , -0.4000015
15.092 , -0.4700012
15.093 , -0.4599991
15.095 , -0.4599991
15.096 , -0.4700012
15.097 , -0.4700012
15.098 , -0.4700012
15.099 , -0.5400009
15.101 , -0.4599991
15.102 , -0.5799942
15.103 , -0.5200043
15.104 , -0.5200043
15.105 , -0.5699997
15.107 , -0.5800018
15.108 , -0.5800018
15.109 , -0.5800018
15.11 , -0.5699997
15.111 , -0.5699997
15.113 , -0.5599976
15.114 , -0.5799942
15.115 , -0.5799942
15.116 , -0.5699997
15.117 , -0.6200027
15.119 , -0.6200027
15.12 , -0.5599976
15.121 , -0.6100006
15.122 , -0.6100006
15.123 , -0.5999985
15.124 , -0.5999985
15.126 , -0.590004
15.127 , -0.6100006
15.128 , -0.6100006
15.129 , -0.6100006
15.13 , -0.5800018
15.132 , -0.6500015
15.133 , -0.5899963
15.134 , -0.5899963
15.135 , -0.6399994
15.136 , -0.6299973
15.138 , -0.6299973
15.139 , -0.6299973
15.14 , -0.6200027
15.141 , -0.5699997
15.142 , -0.6200027
15.144 , -0.6100006
15.145 , -0.5599976
15.146 , -0.5599976
15.147 , -0.5999985
15.148 , -0.5999985
15.15 , -0.6100006
15.151 , -0.6100006
15.152 , -0.6100006
15.153 , -0.5999985
15.154 , -0.5999985
15.155 , -0.5999985
15.157 , -0.5899963
15.158 , -0.5899963
15.159 , -0.5699997
15.16 , -0.6299973
15.162 , -0.5799942
15.163 , -0.6200027
15.164 , -0.6200027
15.165 , -0.6200027
15.166 , -0.6399994
15.168 , -0.5599976
15.169 , -0.6299973
15.17 , -0.6199951
15.171 , -0.6199951
15.172 , -0.6199951
15.174 , -0.6100006
15.175 , -0.6100006
15.176 , -0.6100006
15.177 , -0.5999985
15.178 , -0.5800018
15.179 , -0.6200027
15.181 , -0.6100006
15.182 , -0.5899963
15.183 , -0.5799942
15.184 , -0.5799942
15.185 , -0.5799942
15.187 , -0.6399994
15.188 , -0.5699997
15.189 , -0.5699997
15.19 , -0.5800018
15.192 , -0.5800018
15.193 , -0.6199951
15.194 , -0.5699997
15.195 , -0.6199951
15.196 , -0.6199951
15.198 , -0.5599976
15.199 , -0.609993
15.2 , -0.5999985
15.201 , -0.5999985
15.202 , -0.5999985
15.204 , -0.5400009
15.205 , -0.5899963
15.206 , -0.5899963
15.207 , -0.5799942
15.208 , -0.5299988
15.21 , -0.5699997
15.211 , -0.590004
15.212 , -0.5699997
15.213 , -0.5599976
15.214 , -0.5800018
15.216 , -0.5800018
15.217 , -0.5699997
15.218 , -0.5699997
15.219 , -0.6199951
15.221 , -0.5599976
15.222 , -0.609993
15.223 , -0.5599976
15.224 , -0.5500031
15.225 , -0.5500031
15.226 , -0.5999985
15.228 , -0.5400009
15.229 , -0.5899963
15.23 , -0.5799942
15.231 , -0.5799942
15.232 , -0.5799942
15.234 , -0.5699997
15.235 , -0.590004
15.236 , -0.590004
15.237 , -0.5800018
15.238 , -0.5599976
15.24 , -0.5699997
15.241 , -0.5699997
15.242 , -0.5499954
15.243 , -0.5699997
15.245 , -0.5599976
15.246 , -0.5599976
15.247 , -0.5699997
15.248 , -0.5699997
15.249 , -0.5699997
15.251 , -0.6100006
15.252 , -0.5599976
15.253 , -0.6100006
15.254 , -0.5499954
15.255 , -0.6199951
15.257 , -0.590004
15.258 , -0.6100006
15.259 , -0.6100006
15.26 , -0.5800018
15.261 , -0.5800018
15.263 , -0.5800018
15.264 , -0.5899963
15.265 , -0.5699997
15.266 , -0.5
15.267 , -0.5099945
15.269 , -0.5099945
15.27 , -0.5
15.271 , -0.4800034
15.272 , -0.5500031
15.273 , -0.5500031
15.274 , -0.5599976
15.276 , -0.5400009
15.277 , -0.5299988
15.278 , -0.5499954
15.279 , -0.5299988
15.28 , -0.5399933
15.282 , -0.5399933
15.283 , -0.5199966
15.284 , -0.5299988
15.285 , -0.5299988
15.287 , -0.5199966
15.288 , -0.5699997
15.289 , -0.5199966
15.29 , -0.5599976
15.292 , -0.5599976
15.293 , -0.5599976
15.294 , -0.5699997
15.295 , -0.5699997
15.297 , -0.6100006
15.298 , -0.5400009
15.299 , -0.5599976
15.3 , -0.6100006
15.301 , -0.5999985
15.302 , -0.5999985
15.304 , -0.5899963
15.305 , -0.5399933
15.306 , -0.5899963
15.307 , -0.5800018
15.309 , -0.5999985
15.31 , -0.6200027
15.311 , -0.5899963
15.312 , -0.6100006
15.313 , -0.6100006
15.314 , -0.5599976
15.316 , -0.6500015
15.317 , -0.640007
15.318 , -0.640007
15.319 , -0.640007
15.32 , -0.6600037
15.322 , -0.5800018
15.323 , -0.6300049
15.324 , -0.6200027
15.325 , -0.6200027
15.326 , -0.6399994
15.327 , -0.6100006
15.329 , -0.6100006
15.33 , -0.5599976
15.331 , -0.6200027
15.332 , -0.6200027
15.333 , -0.6700058
15.334 , -0.6800003
15.336 , -0.6600037
15.337 , -0.6500015
15.338 , -0.6899948
15.339 , -0.5999985
15.34 , -0.6699982
15.342 , -0.640007
15.343 , -0.590004
15.344 , -0.6500015
15.345 , -0.6699982
15.346 , -0.6500015
15.348 , -0.6399994
15.349 , -0.6399994
15.35 , -0.6399994
15.351 , -0.6499939
15.353 , -0.6499939
15.354 , -0.6399994
15.355 , -0.7099991
15.356 , -0.6399994
15.357 , -0.7200012
15.359 , -0.7200012
15.36 , -0.6999969
15.361 , -0.6899948
15.362 , -0.6899948
15.363 , -0.6899948
15.365 , -0.6799927
15.366 , -0.609993
15.367 , -0.6699982
15.368 , -0.6699982
15.369 , -0.7400055
15.371 , -0.7300034
15.372 , -0.75
15.373 , -0.75
15.374 , -0.7399979
15.375 , -0.7699966
15.377 , -0.7399979
15.378 , -0.7600021
15.379 , -0.7600021
15.38 , -0.7300034
15.381 , -0.75
15.383 , -0.75
15.384 , -0.7399979
15.385 , -0.7099991
15.386 , -0.7099991
15.387 , -0.7399979
15.389 , -0.7299957
15.39 , -0.7299957
15.391 , -0.7200012
15.392 , -0.7600021
15.393 , -0.7200012
15.395 , -0.75
15.396 , -0.7699966
15.397 , -0.75
15.398 , -0.6999969
15.399 , -0.6999969
15.401 , -0.7300034
15.402 , -0.6900024
15.403 , -0.75
15.404 , -0.7200012
15.405 , -0.7399979
15.406 , -0.7200012
15.408 , -0.7099991
15.409 , -0.7099991
15.41 , -0.6699982
15.411 , -0.6999969
15.412 , -0.6999969
15.414 , -0.7099991
15.415 , -0.7600021
15.416 , -0.7600021
15.417 , -0.7099991
15.418 , -0.6999969
15.42 , -0.6999969
15.421 , -0.6899948
15.422 , -0.6699982
15.423 , -0.6699982
15.425 , -0.6800003
15.426 , -0.6600037
15.427 , -0.6600037
15.428 , -0.6699982
15.429 , -0.6699982
15.43 , -0.6699982
15.432 , -0.659996
15.433 , -0.7099991
15.434 , -0.6499939
15.435 , -0.7199936
15.437 , -0.6999969
15.438 , -0.6900024
15.439 , -0.6900024
15.44 , -0.6399994
15.441 , -0.6800003
15.442 , -0.6800003
15.444 , -0.6899948
15.445 , -0.6699982
15.446 , -0.6699982
15.447 , -0.6199951
15.448 , -0.659996
15.45 , -0.659996
15.451 , -0.6500015
15.452 , -0.6699982
15.453 , -0.6699982
15.455 , -0.659996
15.456 , -0.659996
15.457 , -0.659996
15.458 , -0.6499939
15.459 , -0.6299973
15.461 , -0.6399994
15.462 , -0.6399994
15.463 , -0.6399994
15.464 , -0.6200027
15.466 , -0.6299973
15.467 , -0.6299973
15.468 , -0.6199951
15.469 , -0.6199951
15.47 , -0.6699982
15.472 , -0.659996
15.473 , -0.6800003
15.474 , -0.659996
15.475 , -0.6500015
15.476 , -0.6500015
15.478 , -0.6399994
15.479 , -0.6399994
15.48 , -0.6399994
15.481 , -0.6299973
15.482 , -0.6500015
15.484 , -0.6299973
15.485 , -0.6200027
15.486 , -0.6200027
15.487 , -0.6200027
15.488 , -0.6100006
15.49 , -0.6100006
15.491 , -0.5999985
15.492 , -0.6200027
15.493 , -0.6200027
15.494 , -0.6399994
15.496 , -0.6299973
15.497 , -0.6100006
15.498 , -0.6200027
15.499 , -0.6000061
15.5 , -0.6200027
15.502 , -0.590004
15.503 , -0.6600037
15.504 , -0.5699997
15.505 , -0.5999985
15.506 , -0.5800018
15.508 , -0.5700073
15.509 , -0.590004
15.51 , -0.590004
15.511 , -0.5800018
15.512 , -0.5800018
15.513 , -0.6300049
15.515 , -0.6200027
15.516 , -0.6399994
15.517 , -0.5699997
15.518 , -0.6100006
15.519 , -0.6100006
15.521 , -0.6000061
15.522 , -0.6000061
15.523 , -0.6000061
15.524 , -0.5500031
15.525 , -0.590004
15.526 , -0.6100006
15.528 , -0.5800018
15.529 , -0.5999985
15.53 , -0.5800018
15.531 , -0.5999985
15.532 , -0.5899963
15.534 , -0.5899963
15.535 , -0.5800018
15.536 , -0.5800018
15.537 , -0.6300049
15.538 , -0.6200027
15.539 , -0.5699997
15.541 , -0.6200027
15.542 , -0.6100006
15.543 , -0.6100006
15.544 , -0.6100006
15.545 , -0.6000061
15.547 , -0.5500031
15.548 , -0.590004
15.549 , -0.590004
15.55 , -0.590004
15.551 , -0.590004
15.552 , -0.5800018
15.554 , -0.5800018
15.555 , -0.5199966
15.556 , -0.5699997
15.557 , -0.5899963
15.559 , -0.5800018
15.56 , -0.5600052
15.561 , -0.5600052
15.562 , -0.5500031
15.563 , -0.5500031
15.564 , -0.5699997
15.566 , -0.5400009
15.567 , -0.5599976
15.568 , -0.5500031
15.569 , -0.5300064
15.57 , -0.5300064
15.572 , -0.5400009
15.573 , -0.5400009
15.574 , -0.5200043
15.575 , -0.5100021
15.576 , -0.5100021
15.577 , -0.4599991
15.579 , -0.4499969
15.58 , -0.5
15.581 , -0.5
15.582 , -0.4200058
15.583 , -0.4200058
15.585 , -0.4100037
15.586 , -0.3600006
15.587 , -0.3600006
15.588 , -0.3499985
15.589 , -0.3499985
15.591 , -0.3499985
15.592 , -0.340004
15.593 , -0.3000031
15.594 , -0.3200073
15.595 , -0.2900009
15.597 , -0.2900009
15.598 , -0.2299957
15.599 , -0.2099991
15.6 , -0.2099991
15.601 , -0.159996
15.603 , -0.1299973
15.604 , -0.05999756
15.605 , -0.03000641
15.607 , -0.03000641
15.608 , 0.04000092
15.609 , 0.05000305
15.611 , 0.1200027
15.612 , 0.1300049
15.613 , 0.1500015
15.614 , 0.1699982
15.615 , 0.2300034
15.617 , 0.3000031
15.618 , 0.3200073
15.619 , 0.3499985
15.62 , 0.4000015
15.621 , 0.4899979
15.623 , 0.5
15.624 , 0.5699997
15.625 , 0.5800018
15.626 , 0.6500015
15.627 , 0.6000061
15.628 , 0.6700058
15.63 , 0.6800003
15.631 , 0.7299957
15.632 , 0.7600021
15.633 , 0.8300018
15.634 , 0.8499985
15.635 , 0.9100037
15.637 , 0.9300003
15.638 , 0.9800034
15.639 , 1.010002
15.64 , 1.030006
15.641 , 1.150002
15.642 , 1.18
15.644 , 1.25
15.645 , 1.260002
15.646 , 1.260002
15.647 , 1.330002
15.648 , 1.330002
15.649 , 1.360001
15.65 , 1.43
15.652 , 1.439995
15.653 , 1.459999
15.654 , 1.509995
15.655 , 1.540001
15.656 , 1.540001
15.658 , 1.610001
15.659 , 1.639999
15.66 , 1.690002
15.661 , 1.690002
15.662 , 1.770004
15.663 , 1.720001
15.665 , 1.779999
15.666 , 1.799995
15.667 , 1.82
15.668 , 1.869995
15.669 , 1.830002
15.671 , 1.879997
15.672 , 1.910004
15.673 , 1.910004
15.674 , 1.959999
15.675 , 1.919998
15.677 , 1.969994
15.678 , 1.989998
15.679 , 2.0
15.68 , 2.019997
15.681 , 2.019997
15.683 , 2.029999
15.684 , 2.010002
15.685 , 2.040001
15.686 , 2.040001
15.687 , 2.040001
15.688 , 2.040001
15.689 , 2.049995
15.691 , 2.029999
15.692 , 1.970001
15.701 , 1.970001
15.702 , 1.93
15.703 , 1.889999
15.704 , 1.909996
15.706 , 1.919998
15.707 , 1.900002
15.708 , 1.919998
15.709 , 1.910004
15.71 , 1.860001
15.711 , 1.840004
15.713 , 1.849998
15.714 , 1.799995
15.715 , 1.799995
15.716 , 1.790001
15.717 , 1.769997
15.719 , 1.779999
15.72 , 1.730003
15.721 , 1.709999
15.722 , 1.720001
15.723 , 1.740005
15.724 , 1.670006
15.725 , 1.670006
15.727 , 1.610001
15.728 , 1.589996
15.729 , 1.599998
15.73 , 1.620003
15.731 , 1.580002
15.733 , 1.540001
15.734 , 1.470001
15.735 , 1.470001
15.736 , 1.459999
15.737 , 1.459999
15.738 , 1.439995
15.74 , 1.379997
15.741 , 1.379997
15.742 , 1.459999
15.743 , 1.389999
15.744 , 1.32
15.746 , 1.330002
15.747 , 1.350006
15.748 , 1.260002
15.749 , 1.269997
15.75 , 1.25
15.751 , 1.25
15.752 , 1.209999
15.754 , 1.190002
15.755 , 1.139999
15.756 , 1.130005
15.757 , 1.130005
15.758 , 1.110001
15.76 , 1.07
15.761 , 1.07
15.762 , 1.059998
15.763 , 1.059998
15.764 , 1.059998
15.766 , 1.020004
15.767 , 1.0
15.768 , 1.0
15.769 , 0.9900055
15.77 , 0.9400024
15.771 , 0.9400024
15.773 , 0.9300003
15.774 , 0.8600006
15.775 , 0.8600006
15.776 , 0.8700027
15.777 , 0.8199997
15.778 , 0.8000031
15.78 , 0.8100052
15.781 , 0.7399979
15.782 , 0.7900009
15.783 , 0.75
15.784 , 0.75
15.786 , 0.7399979
15.787 , 0.7399979
15.788 , 0.6899948
15.789 , 0.6999969
15.79 , 0.6600037
15.792 , 0.6600037
15.793 , 0.5800018
15.794 , 0.5299988
15.795 , 0.5299988
15.796 , 0.5399933
15.798 , 0.5399933
15.799 , 0.5299988
15.8 , 0.5
15.801 , 0.4599991
15.802 , 0.4599991
15.804 , 0.4000015
15.805 , 0.4000015
15.806 , 0.4600067
15.807 , 0.390007
15.808 , 0.390007
15.81 , 0.3499985
15.811 , 0.3299942
15.812 , 0.3299942
15.813 , 0.3199997
15.814 , 0.2699966
15.816 , 0.2099991
15.817 , 0.2099991
15.818 , 0.1900024
15.819 , 0.1800003
15.82 , 0.1800003
15.821 , 0.1299973
15.823 , 0.1399994
15.824 , 0.1399994
15.825 , 0.1199951
15.826 , 0.08000183
15.828 , 0.08000183
15.829 , 0.06999969
15.83 , 0.05000305
15.832 , 0.0
15.833 , -0.01000214
15.834 , -0.01000214
15.836 , -0.05000305
15.837 , -0.1200027
15.838 , -0.1399994
15.839 , -0.1100006
15.841 , -0.1299973
15.842 , -0.1299973
15.843 , -0.140007
15.844 , -0.2100067
15.845 , -0.2100067
15.847 , -0.2000046
15.848 , -0.1800003
15.849 , -0.25
15.85 , -0.2600021
15.851 , -0.2600021
15.852 , -0.2799988
15.854 , -0.3199997
15.855 , -0.2699966
15.856 , -0.3100052
15.857 , -0.3100052
15.858 , -0.3100052
15.86 , -0.3199997
15.861 , -0.3700027
15.862 , -0.3199997
15.863 , -0.3099976
15.864 , -0.3799973
15.866 , -0.3699951
15.867 , -0.3699951
15.868 , -0.3699951
15.869 , -0.4199982
15.871 , -0.4100037
15.872 , -0.4300003
15.873 , -0.4000015
15.874 , -0.4000015
15.875 , -0.4199982
15.876 , -0.4300003
15.878 , -0.4300003
15.879 , -0.4300003
15.88 , -0.3800049
15.881 , -0.4700012
15.882 , -0.4700012
15.883 , -0.3899994
15.885 , -0.4100037
15.886 , -0.4499969
15.887 , -0.4499969
15.888 , -0.4499969
15.889 , -0.4499969
15.891 , -0.4599991
15.892 , -0.4599991
15.893 , -0.5
15.894 , -0.5
15.896 , -0.4899979
15.897 , -0.4899979
15.898 , -0.4899979
15.899 , -0.4899979
15.901 , -0.4799957
15.902 , -0.4799957
15.903 , -0.4700012
15.904 , -0.5100021
15.905 , -0.4700012
15.906 , -0.4800034
15.908 , -0.4599991
15.909 , -0.4599991
15.91 , -0.4899979
15.911 , -0.4700012
15.912 , -0.4899979
15.914 , -0.4799957
15.915 , -0.4799957
15.916 , -0.4700012
15.917 , -0.5400009
15.918 , -0.4500046
15.92 , -0.4599991
15.921 , -0.4599991
15.922 , -0.4599991
15.923 , -0.4499969
15.925 , -0.4499969
15.926 , -0.5
15.927 , -0.4400024
15.928 , -0.5100021
15.929 , -0.4900055
15.93 , -0.4300003
15.932 , -0.4300003
15.933 , -0.4700012
15.934 , -0.4700012
15.935 , -0.4899979
15.936 , -0.4899979
15.938 , -0.4599991
15.939 , -0.4799957
15.94 , -0.4700012
15.941 , -0.4500046
15.943 , -0.3899994
15.944 , -0.4400024
15.945 , -0.4400024
15.946 , -0.4599991
15.947 , -0.4499969
15.949 , -0.4499969
15.95 , -0.4399948
15.951 , -0.4899979
15.952 , -0.4399948
15.953 , -0.5
15.955 , -0.5
15.956 , -0.5
15.957 , -0.4700012
15.958 , -0.4700012
15.959 , -0.4899979
15.961 , -0.4599991
15.962 , -0.4799957
15.963 , -0.4700012
15.964 , -0.4700012
15.965 , -0.4500046
15.966 , -0.4700012
15.968 , -0.4599991
15.969 , -0.4599991
15.97 , -0.4499969
15.971 , -0.4700012
15.973 , -0.4399948
15.974 , -0.4599991
15.975 , -0.4599991
15.976 , -0.4599991
15.978 , -0.4500046
15.979 , -0.4500046
15.98 , -0.4899979
15.981 , -0.4899979
15.982 , -0.4899979
15.984 , -0.4799957
15.985 , -0.4300003
15.986 , -0.4799957
15.987 , -0.4700012
15.988 , -0.4900055
15.99 , -0.4599991
15.991 , -0.4800034
15.992 , -0.4800034
15.993 , -0.4700012
15.994 , -0.5400009
15.996 , -0.5199966
15.997 , -0.5099945
15.998 , -0.4599991
15.999 , -0.5099945
16.001 , -0.5200043
16.002 , -0.5
16.003 , -0.5
16.004 , -0.4899979
16.005 , -0.4899979
16.006 , -0.5100021
16.007 , -0.4799957
16.009 , -0.5
16.01 , -0.4900055
16.011 , -0.4700012
16.012 , -0.4900055
16.013 , -0.4900055
16.014 , -0.5299988
16.016 , -0.5299988
16.017 , -0.5199966
16.018 , -0.5199966
16.019 , -0.5199966
16.02 , -0.5299988
16.022 , -0.5299988
16.023 , -0.5299988
16.024 , -0.5200043
16.025 , -0.5
16.026 , -0.5200043
16.028 , -0.5299988
16.029 , -0.5100021
16.03 , -0.5199966
16.031 , -0.5199966
16.032 , -0.5199966
16.034 , -0.5599976
16.035 , -0.5599976
16.036 , -0.5599976
16.037 , -0.4800034
16.038 , -0.5500031
16.039 , -0.5699997
16.041 , -0.6100006
16.042 , -0.5400009
16.043 , -0.5400009
16.044 , -0.5499954
16.045 , -0.5299988
16.047 , -0.590004
16.048 , -0.5400009
16.049 , -0.5400009
16.05 , -0.5800018
16.051 , -0.5800018
16.052 , -0.5800018
16.054 , -0.5699997
16.055 , -0.5699997
16.056 , -0.5899963
16.057 , -0.5799942
16.058 , -0.5799942
16.06 , -0.5699997
16.061 , -0.590004
16.062 , -0.5699997
16.063 , -0.5699997
16.064 , -0.5800018
16.066 , -0.5800018
16.067 , -0.5699997
16.068 , -0.5699997
16.069 , -0.5699997
16.071 , -0.6100006
16.072 , -0.6100006
16.073 , -0.6100006
16.074 , -0.5999985
16.075 , -0.5999985
16.076 , -0.6200027
16.078 , -0.5899963
16.079 , -0.659996
16.08 , -0.659996
16.081 , -0.5999985
16.082 , -0.5799942
16.084 , -0.590004
16.085 , -0.6399994
16.086 , -0.6399994
16.087 , -0.6299973
16.089 , -0.6299973
16.09 , -0.6299973
16.091 , -0.6199951
16.092 , -0.6199951
16.093 , -0.6399994
16.095 , -0.6300049
16.096 , -0.6300049
16.097 , -0.6200027
16.098 , -0.6699982
16.099 , -0.6699982
16.101 , -0.6100006
16.102 , -0.659996
16.103 , -0.6100006
16.104 , -0.6699982
16.105 , -0.6499939
16.106 , -0.6499939
16.108 , -0.6399994
16.109 , -0.6399994
16.11 , -0.6399994
16.111 , -0.6299973
16.113 , -0.6500015
16.114 , -0.659996
16.115 , -0.6399994
16.116 , -0.6399994
16.117 , -0.6499939
16.119 , -0.6499939
16.12 , -0.6499939
16.121 , -0.6900024
16.122 , -0.6200027
16.123 , -0.6200027
16.124 , -0.6299973
16.126 , -0.6299973
16.127 , -0.5999985
16.128 , -0.6199951
16.129 , -0.6699982
16.131 , -0.590004
16.132 , -0.6100006
16.133 , -0.6600037
16.134 , -0.6500015
16.135 , -0.6699982
16.136 , -0.6500015
16.138 , -0.659996
16.139 , -0.6399994
16.14 , -0.6399994
16.141 , -0.5799942
16.143 , -0.6299973
16.144 , -0.6200027
16.145 , -0.6399994
16.146 , -0.6399994
16.147 , -0.6100006
16.149 , -0.6299973
16.15 , -0.6800003
16.151 , -0.6699982
16.152 , -0.6199951
16.153 , -0.6199951
16.154 , -0.6100006
16.156 , -0.6600037
16.157 , -0.6600037
16.158 , -0.6500015
16.159 , -0.6500015
16.16 , -0.6500015
16.161 , -0.6399994
16.163 , -0.6399994
16.164 , -0.6299973
16.165 , -0.5799942
16.166 , -0.5799942
16.168 , -0.5699997
16.169 , -0.6200027
16.17 , -0.6200027
16.171 , -0.6100006
16.172 , -0.6299973
16.173 , -0.6299973
16.175 , -0.6199951
16.176 , -0.6199951
16.177 , -0.6399994
16.178 , -0.6100006
16.179 , -0.6300049
16.181 , -0.5999985
16.182 , -0.5800018
16.183 , -0.5800018
16.184 , -0.5899963
16.185 , -0.6100006
16.187 , -0.5899963
16.188 , -0.5799942
16.189 , -0.5799942
16.19 , -0.5999985
16.191 , -0.590004
16.193 , -0.5699997
16.194 , -0.6299973
16.195 , -0.6299973
16.196 , -0.6500015
16.197 , -0.5800018
16.199 , -0.6199951
16.2 , -0.6199951
16.201 , -0.5599976
16.202 , -0.609993
16.203 , -0.609993
16.205 , -0.5999985
16.206 , -0.5999985
16.207 , -0.5999985
16.208 , -0.6100006
16.209 , -0.5899963
16.211 , -0.5799942
16.212 , -0.5799942
16.213 , -0.5799942
16.214 , -0.590004
16.215 , -0.5699997
16.217 , -0.6399994
16.218 , -0.5800018
16.219 , -0.5800018
16.22 , -0.5800018
16.221 , -0.6199951
16.223 , -0.5699997
16.224 , -0.5599976
16.225 , -0.5599976
16.226 , -0.5599976
16.227 , -0.609993
16.229 , -0.5999985
16.23 , -0.5500031
16.231 , -0.5899963
16.232 , -0.5899963
16.234 , -0.5400009
16.235 , -0.5999985
16.236 , -0.5999985
16.237 , -0.5799942
16.238 , -0.5699997
16.24 , -0.5699997
16.241 , -0.5800018
16.242 , -0.5599976
16.243 , -0.5800018
16.244 , -0.5599976
16.246 , -0.5699997
16.247 , -0.5499954
16.248 , -0.5399933
16.249 , -0.5599976
16.25 , -0.4899979
16.252 , -0.5500031
16.253 , -0.5299988
16.254 , -0.5699997
16.255 , -0.5599976
16.256 , -0.5599976
16.258 , -0.5299988
16.259 , -0.5299988
16.26 , -0.5499954
16.261 , -0.5400009
16.263 , -0.5400009
16.264 , -0.5400009
16.265 , -0.5299988
16.266 , -0.5299988
16.267 , -0.5299988
16.268 , -0.5699997
16.27 , -0.5699997
16.271 , -0.5599976
16.272 , -0.5599976
16.273 , -0.5599976
16.275 , -0.5699997
16.276 , -0.5500031
16.277 , -0.5500031
16.278 , -0.5400009
16.279 , -0.5400009
16.281 , -0.5299988
16.282 , -0.5299988
16.283 , -0.4799957
16.284 , -0.5299988
16.285 , -0.5199966
16.287 , -0.5199966
16.288 , -0.5299988
16.289 , -0.5100021
16.29 , -0.5299988
16.291 , -0.5199966
16.293 , -0.5699997
16.294 , -0.5199966
16.295 , -0.5099945
16.296 , -0.5099945
16.298 , -0.4800034
16.299 , -0.4800034
16.3 , -0.4800034
16.301 , -0.4700012
16.302 , -0.4899979
16.303 , -0.4899979
16.305 , -0.4799957
16.306 , -0.4599991
16.307 , -0.4799957
16.308 , -0.4699936
16.309 , -0.4499969
16.311 , -0.5100021
16.312 , -0.5100021
16.313 , -0.5100021
16.314 , -0.5100021
16.315 , -0.4499969
16.316 , -0.5
16.318 , -0.4899979
16.319 , -0.4399948
16.32 , -0.4899979
16.321 , -0.4899979
16.323 , -0.4800034
16.324 , -0.4800034
16.325 , -0.4700012
16.326 , -0.4199982
16.327 , -0.4700012
16.328 , -0.4599991
16.33 , -0.4799957
16.331 , -0.4799957
16.332 , -0.4699936
16.333 , -0.4699936
16.334 , -0.4699936
16.336 , -0.4400024
16.337 , -0.4599991
16.338 , -0.4499969
16.339 , -0.4499969
16.341 , -0.4499969
16.342 , -0.4399948
16.343 , -0.3699951
16.344 , -0.4399948
16.345 , -0.4100037
16.347 , -0.4100037
16.348 , -0.4000015
16.349 , -0.3499985
16.35 , -0.4199982
16.351 , -0.4000015
16.352 , -0.409996
16.354 , -0.3899994
16.355 , -0.3999939
16.356 , -0.3799973
16.357 , -0.3299942
16.358 , -0.3000031
16.36 , -0.3199997
16.361 , -0.3000031
16.362 , -0.2900009
16.363 , -0.2399979
16.364 , -0.2200012
16.365 , -0.1899948
16.367 , -0.1899948
16.368 , -0.1799927
16.369 , -0.1299973
16.37 , -0.109993
16.372 , -0.09999847
16.373 , -0.09999847
16.382 , 0.159996
16.384 , 0.25
16.385 , 0.3099976
16.386 , 0.3300018
16.387 , 0.3300018
16.388 , 0.4300003
16.389 , 0.4100037
16.391 , 0.4300003
16.392 , 0.5100021
16.393 , 0.5600052
16.394 , 0.5800018
16.395 , 0.659996
16.396 , 0.659996
16.398 , 0.7299957
16.399 , 0.7399979
16.4 , 0.8099976
16.401 , 0.8300018
16.402 , 0.8600006
16.404 , 0.9100037
16.405 , 0.9399948
16.406 , 0.9899979
16.407 , 1.009995
16.408 , 1.079994
16.41 , 1.089996
16.411 , 1.110001
16.412 , 1.190002
16.413 , 1.190002
16.414 , 1.260002
16.415 , 1.270004
16.416 , 1.290001
16.418 , 1.360001
16.419 , 1.419998
16.42 , 1.439995
16.421 , 1.509995
16.422 , 1.519997
16.423 , 1.470001
16.425 , 1.550003
16.426 , 1.620003
16.427 , 1.620003
16.428 , 1.690002
16.429 , 1.719994
16.43 , 1.769997
16.431 , 1.769997
16.433 , 1.779999
16.434 , 1.799995
16.435 , 1.860001
16.436 , 1.879997
16.437 , 1.900002
16.438 , 1.900002
16.44 , 1.910004
16.441 , 1.980003
16.442 , 1.989998
16.443 , 1.989998
16.444 , 2.040001
16.446 , 2.07
16.447 , 2.089996
16.448 , 2.089996
16.449 , 2.099998
16.45 , 2.099998
16.451 , 2.099998
16.453 , 2.160004
16.454 , 2.110001
16.455 , 2.119995
16.456 , 2.169998
16.457 , 2.169998
16.459 , 2.110001
16.46 , 2.110001
16.461 , 2.090004
16.462 , 2.120003
16.463 , 2.120003
16.464 , 2.120003
16.465 , 2.129997
16.467 , 2.110001
16.468 , 2.059998
16.469 , 2.120003
16.47 , 2.049995
16.471 , 2.049995
16.472 , 2.010002
16.474 , 2.010002
16.475 , 2.010002
16.476 , 2.0
16.477 , 1.980003
16.478 , 1.93
16.479 , 1.989998
16.481 , 1.939995
16.482 , 1.93
16.483 , 1.879997
16.484 , 1.93
16.485 , 1.860001
16.486 , 1.889999
16.488 , 1.82
16.489 , 1.809998
16.49 , 1.809998
16.491 , 1.789993
16.492 , 1.799995
16.494 , 1.68
16.495 , 1.68
16.496 , 1.739998
16.497 , 1.669998
16.498 , 1.690002
16.499 , 1.660004
16.501 , 1.660004
16.502 , 1.619995
16.503 , 1.599998
16.504 , 1.599998
16.505 , 1.599998
16.507 , 1.559998
16.508 , 1.559998
16.509 , 1.5
16.51 , 1.480003
16.511 , 1.459999
16.512 , 1.469994
16.514 , 1.399994
16.515 , 1.419998
16.516 , 1.409996
16.517 , 1.360001
16.518 , 1.360001
16.52 , 1.370003
16.521 , 1.370003
16.522 , 1.340004
16.523 , 1.340004
16.524 , 1.340004
16.525 , 1.290001
16.527 , 1.279999
16.528 , 1.279999
16.529 , 1.239998
16.53 , 1.220001
16.531 , 1.199997
16.532 , 1.160004
16.534 , 1.160004
16.535 , 1.139999
16.536 , 1.080002
16.537 , 1.080002
16.538 , 1.080002
16.539 , 1.089996
16.541 , 1.040001
16.542 , 1.029999
16.543 , 1.029999
16.544 , 1.010002
16.545 , 0.9400024
16.546 , 1.020004
16.548 , 0.9500046
16.549 , 0.9599991
16.55 , 0.909996
16.551 , 0.8699951
16.552 , 0.8699951
16.554 , 0.8099976
16.555 , 0.8099976
16.556 , 0.7700043
16.557 , 0.7700043
16.558 , 0.7700043
16.56 , 0.7800064
16.561 , 0.7100067
16.562 , 0.6900024
16.563 , 0.6999969
16.564 , 0.6999969
16.566 , 0.6900024
16.567 , 0.6399994
16.568 , 0.6200027
16.569 , 0.6300049
16.57 , 0.6300049
16.572 , 0.5800018
16.573 , 0.5499954
16.574 , 0.5499954
16.575 , 0.5
16.576 , 0.4899979
16.577 , 0.4199982
16.579 , 0.5
16.58 , 0.4300003
16.581 , 0.4300003
16.582 , 0.4100037
16.583 , 0.3700027
16.584 , 0.3700027
16.586 , 0.3799973
16.587 , 0.3799973
16.588 , 0.3600006
16.589 , 0.3000031
16.59 , 0.3000031
16.592 , 0.2300034
16.593 , 0.2400055
16.594 , 0.2200012
16.595 , 0.2200012
16.596 , 0.1799927
16.597 , 0.159996
16.599 , 0.1699982
16.6 , 0.08000183
16.601 , 0.08000183
16.603 , 0.09000397
16.604 , 0.04000092
16.605 , 0.02000427
16.607 , 0.03000641
16.608 , -0.01999664
16.609 , -0.05000305
16.611 , -0.1000061
16.612 , -0.1000061
16.613 , -0.1100006
16.614 , -0.09000397
16.616 , -0.1500015
16.617 , -0.1500015
16.618 , -0.1699982
16.619 , -0.159996
16.62 , -0.159996
16.621 , -0.2299957
16.623 , -0.2200012
16.624 , -0.2400055
16.625 , -0.2200012
16.626 , -0.25
16.627 , -0.25
16.628 , -0.3000031
16.629 , -0.25
16.631 , -0.3600006
16.632 , -0.3099976
16.633 , -0.3000031
16.634 , -0.3000031
16.635 , -0.3899994
16.637 , -0.340004
16.638 , -0.3799973
16.639 , -0.3799973
16.64 , -0.3699951
16.641 , -0.4199982
16.643 , -0.409996
16.644 , -0.409996
16.645 , -0.409996
16.646 , -0.4000015
16.647 , -0.4000015
16.649 , -0.4200058
16.65 , -0.4100037
16.651 , -0.4599991
16.652 , -0.4599991
16.653 , -0.4499969
16.655 , -0.4700012
16.656 , -0.4600067
16.657 , -0.4600067
16.658 , -0.4600067
16.659 , -0.4600067
16.66 , -0.4500046
16.662 , -0.5200043
16.663 , -0.4899979
16.664 , -0.5100021
16.665 , -0.4899979
16.666 , -0.4799957
16.668 , -0.5
16.669 , -0.5
16.67 , -0.4900055
16.671 , -0.4900055
16.672 , -0.4900055
16.673 , -0.4800034
16.675 , -0.5500031
16.676 , -0.5400009
16.677 , -0.4899979
16.678 , -0.5400009
16.679 , -0.4899979
16.681 , -0.5300064
16.682 , -0.5300064
16.683 , -0.4700012
16.684 , -0.4700012
16.685 , -0.5200043
16.686 , -0.5299988
16.688 , -0.5100021
16.689 , -0.5100021
16.69 , -0.5
16.691 , -0.4499969
16.692 , -0.5199966
16.694 , -0.5100021
16.695 , -0.5100021
16.696 , -0.4800034
16.697 , -0.5
16.698 , -0.5500031
16.699 , -0.5500031
16.701 , -0.4899979
16.702 , -0.5400009
16.703 , -0.5299988
16.704 , -0.5299988
16.706 , -0.5299988
16.707 , -0.5400009
16.708 , -0.5200043
16.709 , -0.5200043
16.71 , -0.5299988
16.711 , -0.5500031
16.713 , -0.5199966
16.714 , -0.5
16.715 , -0.5400009
16.716 , -0.5199966
16.717 , -0.5800018
16.718 , -0.5100021
16.72 , -0.5200043
16.721 , -0.5200043
16.722 , -0.5
16.723 , -0.5100021
16.724 , -0.5100021
16.725 , -0.5100021
16.727 , -0.5499954
16.728 , -0.5
16.729 , -0.5
16.73 , -0.4900055
16.731 , -0.4900055
16.732 , -0.5400009
16.734 , -0.5299988
16.735 , -0.5500031
16.736 , -0.5500031
16.737 , -0.5400009
16.738 , -0.5400009
16.74 , -0.5300064
16.741 , -0.5300064
16.742 , -0.5100021
16.743 , -0.5200043
16.744 , -0.5200043
16.745 , -0.5200043
16.747 , -0.5100021
16.748 , -0.5599976
16.749 , -0.5100021
16.75 , -0.5499954
16.751 , -0.5499954
16.753 , -0.5600052
16.754 , -0.5400009
16.755 , -0.5800018
16.756 , -0.5800018
16.757 , -0.5500031
16.758 , -0.5699997
16.76 , -0.5400009
16.761 , -0.5599976
16.762 , -0.5599976
16.763 , -0.5500031
16.764 , -0.5300064
16.766 , -0.5500031
16.767 , -0.5200043
16.768 , -0.590004
16.769 , -0.590004
16.77 , -0.5299988
16.772 , -0.5800018
16.773 , -0.5699997
16.774 , -0.5899963
16.775 , -0.6399994
16.776 , -0.6399994
16.778 , -0.5600052
16.779 , -0.5800018
16.78 , -0.6200027
16.781 , -0.5699997
16.782 , -0.5699997
16.784 , -0.5599976
16.785 , -0.5599976
16.786 , -0.6100006
16.787 , -0.5999985
16.789 , -0.6199951
16.79 , -0.590004
16.791 , -0.6100006
16.792 , -0.590004
16.793 , -0.6100006
16.795 , -0.6500015
16.796 , -0.6500015
16.797 , -0.6399994
16.798 , -0.6399994
16.799 , -0.6399994
16.801 , -0.6300049
16.802 , -0.6500015
16.803 , -0.5800018
16.804 , -0.6200027
16.805 , -0.6399994
16.807 , -0.6100006
16.808 , -0.5599976
16.809 , -0.6100006
16.81 , -0.6399994
16.811 , -0.6199951
16.813 , -0.6399994
16.814 , -0.7000046
16.815 , -0.6300049
16.816 , -0.7000046
16.817 , -0.5999985
16.819 , -0.6900024
16.82 , -0.6800003
16.821 , -0.6100006
16.822 , -0.6800003
16.823 , -0.6800003
16.824 , -0.6700058
16.826 , -0.6700058
16.827 , -0.6600037
16.828 , -0.7099991
16.829 , -0.6600037
16.83 , -0.6999969
16.832 , -0.6500015
16.833 , -0.6500015
16.834 , -0.7099991
16.835 , -0.7099991
16.836 , -0.7099991
16.838 , -0.7000046
16.839 , -0.7200012
16.84 , -0.6900024
16.841 , -0.7099991
16.842 , -0.6900024
16.844 , -0.6800003
16.845 , -0.6999969
16.846 , -0.6999969
16.847 , -0.6900024
16.848 , -0.6900024
16.85 , -0.7300034
16.851 , -0.6800003
16.852 , -0.7300034
16.853 , -0.7300034
16.854 , -0.7399979
16.855 , -0.7399979
16.857 , -0.7299957
16.858 , -0.7299957
16.859 , -0.7299957
16.86 , -0.7000046
16.862 , -0.7200012
16.863 , -0.7000046
16.864 , -0.7099991
16.865 , -0.7099991
16.866 , -0.7099991
16.868 , -0.6999969
16.869 , -0.75
16.87 , -0.75
16.871 , -0.7399979
16.872 , -0.7399979
16.874 , -0.7700043
16.875 , -0.7300034
16.876 , -0.75
16.877 , -0.7399979
16.878 , -0.7600021
16.879 , -0.7600021
16.881 , -0.7299957
16.882 , -0.7299957
16.883 , -0.7099991
16.884 , -0.7400055
16.886 , -0.7200012
16.887 , -0.7099991
16.888 , -0.7099991
16.889 , -0.7300034
16.89 , -0.7300034
16.892 , -0.7200012
16.893 , -0.7200012
16.894 , -0.7599945
16.895 , -0.7599945
16.896 , -0.7599945
16.898 , -0.75
16.899 , -0.75
16.9 , -0.75
16.901 , -0.7399979
16.902 , -0.7600021
16.903 , -0.6900024
16.905 , -0.7299957
16.906 , -0.7299957
16.907 , -0.7400055
16.908 , -0.6700058
16.909 , -0.7400055
16.911 , -0.7099991
16.912 , -0.7300034
16.913 , -0.7300034
16.914 , -0.7200012
16.915 , -0.6999969
16.916 , -0.6999969
16.918 , -0.7099991
16.919 , -0.6899948
16.92 , -0.6899948
16.921 , -0.7000046
16.922 , -0.7000046
16.924 , -0.6900024
16.925 , -0.6699982
16.926 , -0.6900024
16.927 , -0.6800003
16.928 , -0.6800003
16.93 , -0.6800003
16.931 , -0.7200012
16.932 , -0.7200012
16.933 , -0.7200012
16.934 , -0.6600037
16.935 , -0.6600037
16.937 , -0.6999969
16.938 , -0.6500015
16.939 , -0.6999969
16.94 , -0.6999969
16.942 , -0.6399994
16.943 , -0.6399994
16.944 , -0.6800003
16.945 , -0.6100006
16.946 , -0.6800003
16.947 , -0.6800003
16.949 , -0.6200027
16.95 , -0.6699982
16.951 , -0.6800003
16.952 , -0.659996
16.953 , -0.659996
16.955 , -0.6499939
16.956 , -0.6699982
16.957 , -0.6699982
16.958 , -0.6600037
16.96 , -0.6399994
16.961 , -0.6299973
16.962 , -0.6500015
16.963 , -0.6900024
16.964 , -0.6399994
16.966 , -0.6399994
16.967 , -0.6399994
16.968 , -0.6300049
16.969 , -0.6300049
16.971 , -0.6200027
16.972 , -0.6200027
16.973 , -0.6200027
16.974 , -0.6500015
16.975 , -0.6500015
16.976 , -0.6100006
16.978 , -0.6399994
16.979 , -0.5999985
16.98 , -0.5999985
16.981 , -0.6300049
16.982 , -0.6300049
16.984 , -0.5599976
16.985 , -0.6500015
16.986 , -0.5800018
16.987 , -0.6200027
16.989 , -0.6100006
16.99 , -0.6100006
16.991 , -0.6300049
16.992 , -0.6000061
16.993 , -0.6300049
16.994 , -0.6200027
16.996 , -0.6200027
16.997 , -0.6200027
16.998 , -0.5800018
16.999 , -0.5800018
17.0 , -0.6100006
17.002 , -0.5999985
17.003 , -0.5999985
17.004 , -0.590004
17.005 , -0.590004
17.006 , -0.590004
17.007 , -0.6100006
17.009 , -0.5800018
17.01 , -0.5999985
17.011 , -0.5699997
17.012 , -0.5899963
17.013 , -0.5699997
17.015 , -0.5600052
17.016 , -0.5800018
17.017 , -0.5800018
17.018 , -0.6200027
17.019 , -0.6200027
17.02 , -0.6399994
17.022 , -0.6299973
17.023 , -0.5599976
17.024 , -0.6100006
17.025 , -0.5999985
17.026 , -0.5999985
17.028 , -0.6100006
17.029 , -0.590004
17.03 , -0.6100006
17.031 , -0.5800018
17.032 , -0.5800018
17.033 , -0.5999985
17.035 , -0.6299973
17.036 , -0.6299973
17.037 , -0.5899963
17.038 , -0.5799942
17.039 , -0.6199951
17.041 , -0.5699997
17.042 , -0.6100006
17.043 , -0.6100006
17.044 , -0.6100006
17.045 , -0.5599976
17.046 , -0.5599976
17.048 , -0.5899963
17.049 , -0.5899963
17.058 , -0.5899963
17.059 , -0.5899963
17.061 , -0.5799942
17.062 , -0.5999985
17.063 , -0.5799942
17.064 , -0.5499954
17.065 , -0.5400009
17.067 , -0.5699997
17.068 , -0.5599976
17.069 , -0.5800018
17.07 , -0.5599976
17.071 , -0.5499954
17.073 , -0.5699997
17.074 , -0.6199951
17.075 , -0.5600052
17.076 , -0.5600052
17.077 , -0.5600052
17.079 , -0.5500031
17.08 , -0.5999985
17.081 , -0.5400009
17.082 , -0.5899963
17.083 , -0.5899963
17.085 , -0.5299988
17.086 , -0.5799942
17.087 , -0.5299988
17.088 , -0.5699997
17.09 , -0.5699997
17.091 , -0.5100021
17.092 , -0.5599976
17.093 , -0.5599976
17.094 , -0.5800018
17.096 , -0.5499954
17.097 , -0.5499954
17.098 , -0.5600052
17.099 , -0.6100006
17.1 , -0.5600052
17.101 , -0.6100006
17.103 , -0.5299988
17.104 , -0.5299988
17.105 , -0.5199966
17.106 , -0.5199966
17.107 , -0.5199966
17.108 , -0.5299988
17.11 , -0.5299988
17.111 , -0.5799942
17.112 , -0.5699997
17.113 , -0.5699997
17.115 , -0.5100021
17.116 , -0.5100021
17.117 , -0.5800018
17.118 , -0.5
17.119 , -0.5499954
17.12 , -0.5
17.122 , -0.4699936
17.123 , -0.4699936
17.124 , -0.4199982
17.125 , -0.4599991
17.126 , -0.4599991
17.128 , -0.4000015
17.129 , -0.4000015
17.13 , -0.4000015
17.131 , -0.4000015
17.132 , -0.3899994
17.133 , -0.3899994
17.135 , -0.3600006
17.136 , -0.3300018
17.137 , -0.3800049
17.138 , -0.2799988
17.139 , -0.2799988
17.141 , -0.2799988
17.142 , -0.25
17.143 , -0.1999969
17.144 , -0.1999969
17.145 , -0.1399994
17.146 , -0.09999847
17.148 , -0.09000397
17.149 , -0.06999969
17.151 , 0.0
17.152 , 0.01000214
17.153 , 0.05999756
17.155 , 0.09000397
17.156 , 0.1100006
17.157 , 0.1800003
17.158 , 0.1899948
17.16 , 0.2399979
17.161 , 0.2799988
17.162 , 0.3399963
17.163 , 0.3399963
17.164 , 0.409996
17.166 , 0.4400024
17.167 , 0.4599991
17.168 , 0.590004
17.169 , 0.6100006
17.17 , 0.6100006
17.171 , 0.6600037
17.173 , 0.7099991
17.174 , 0.7599945
17.175 , 0.7900009
17.176 , 0.8600006
17.177 , 0.8799973
17.179 , 0.8899994
17.18 , 0.9599991
17.181 , 0.9599991
17.182 , 1.059998
17.183 , 1.059998
17.185 , 1.139999
17.186 , 1.189995
17.187 , 1.260002
17.188 , 1.260002
17.189 , 1.309998
17.19 , 1.309998
17.192 , 1.370003
17.193 , 1.389999
17.194 , 1.440002
17.195 , 1.469994
17.196 , 1.489998
17.198 , 1.489998
17.199 , 1.589996
17.2 , 1.659996
17.201 , 1.639999
17.202 , 1.669998
17.204 , 1.739998
17.205 , 1.75
17.206 , 1.770004
17.207 , 1.820007
17.208 , 1.820007
17.209 , 1.849998
17.211 , 1.949997
17.212 , 1.93
17.213 , 1.959999
17.214 , 2.0
17.215 , 1.970001
17.216 , 2.010002
17.217 , 2.029999
17.219 , 2.039993
17.22 , 2.089996
17.221 , 2.110001
17.222 , 2.099998
17.223 , 2.120003
17.225 , 2.200005
17.226 , 2.200005
17.227 , 2.200005
17.228 , 2.200005
17.229 , 2.170006
17.23 , 2.170006
17.231 , 2.170006
17.233 , 2.129997
17.234 , 2.129997
17.235 , 2.139999
17.236 , 2.139999
17.237 , 2.089996
17.238 , 2.139999
17.24 , 2.150002
17.241 , 2.099998
17.242 , 2.109993
17.243 , 2.109993
17.244 , 2.049995
17.246 , 2.059998
17.247 , 2.099998
17.248 , 2.059998
17.249 , 2.040001
17.25 , 2.020004
17.251 , 1.970001
17.253 , 1.960007
17.254 , 1.980003
17.255 , 1.910004
17.256 , 1.970001
17.257 , 1.919998
17.258 , 1.879997
17.26 , 1.909996
17.261 , 1.839996
17.262 , 1.849998
17.263 , 1.849998
17.264 , 1.830002
17.265 , 1.779999
17.267 , 1.789993
17.268 , 1.789993
17.269 , 1.779999
17.27 , 1.709999
17.272 , 1.699997
17.273 , 1.68
17.274 , 1.699997
17.275 , 1.629997
17.276 , 1.620003
17.277 , 1.620003
17.279 , 1.579994
17.28 , 1.579994
17.281 , 1.579994
17.282 , 1.550003
17.283 , 1.550003
17.284 , 1.550003
17.286 , 1.510002
17.287 , 1.510002
17.288 , 1.510002
17.289 , 1.5
17.29 , 1.43
17.291 , 1.380005
17.292 , 1.439995
17.294 , 1.369995
17.295 , 1.349998
17.296 , 1.360001
17.297 , 1.360001
17.298 , 1.290001
17.299 , 1.300003
17.301 , 1.25
17.302 , 1.259995
17.303 , 1.239998
17.304 , 1.219994
17.305 , 1.219994
17.306 , 1.18
17.308 , 1.159996
17.309 , 1.120003
17.31 , 1.099998
17.311 , 1.080002
17.312 , 1.040001
17.313 , 1.040001
17.314 , 1.040001
17.316 , 1.029999
17.317 , 0.9799957
17.318 , 0.9799957
17.319 , 0.9199982
17.32 , 0.9700012
17.322 , 0.9300003
17.323 , 0.9300003
17.324 , 0.8899994
17.325 , 0.8899994
17.326 , 0.9199982
17.327 , 0.8299942
17.329 , 0.7900009
17.33 , 0.7699966
17.331 , 0.75
17.332 , 0.7600021
17.333 , 0.7099991
17.335 , 0.6900024
17.336 , 0.7000046
17.337 , 0.7000046
17.338 , 0.6300049
17.339 , 0.6399994
17.341 , 0.6199951
17.342 , 0.5699997
17.343 , 0.5800018
17.344 , 0.5800018
17.345 , 0.5100021
17.347 , 0.5699997
17.348 , 0.5200043
17.349 , 0.5099945
17.35 , 0.4699936
17.351 , 0.4699936
17.353 , 0.4499969
17.354 , 0.3799973
17.355 , 0.3799973
17.356 , 0.3300018
17.357 , 0.3700027
17.358 , 0.3300018
17.36 , 0.3100052
17.361 , 0.2900009
17.362 , 0.3100052
17.363 , 0.2999954
17.364 , 0.25
17.365 , 0.25
17.367 , 0.2399979
17.368 , 0.2399979
17.369 , 0.1800003
17.37 , 0.1399994
17.371 , 0.1399994
17.372 , 0.1100006
17.374 , 0.1000061
17.375 , 0.1000061
17.376 , 0.05999756
17.377 , 0.04000092
17.379 , 0.01000214
17.38 , 0.01000214
17.381 , 0.01000214
17.383 , -0.02999878
17.384 , -0.02999878
17.386 , -0.06999969
17.387 , -0.09000397
17.388 , -0.06999969
17.39 , -0.08000183
17.391 , -0.1200027
17.392 , -0.1500015
17.394 , -0.159996
17.395 , -0.159996
17.396 , -0.1999969
17.397 , -0.2199936
17.398 , -0.1999969
17.4 , -0.2099991
17.401 , -0.2099991
17.402 , -0.2099991
17.403 , -0.2399979
17.405 , -0.2699966
17.406 , -0.2599945
17.407 , -0.2599945
17.408 , -0.2999954
17.409 , -0.2900009
17.411 , -0.2900009
17.412 , -0.340004
17.413 , -0.3099976
17.414 , -0.3700027
17.415 , -0.3300018
17.416 , -0.3199997
17.418 , -0.3600006
17.419 , -0.3600006
17.42 , -0.3499985
17.421 , -0.3499985
17.422 , -0.3799973
17.424 , -0.4100037
17.425 , -0.3700027
17.426 , -0.3600006
17.427 , -0.3600006
17.428 , -0.3600006
17.429 , -0.4000015
17.431 , -0.4199982
17.432 , -0.3899994
17.433 , -0.4300003
17.434 , -0.4300003
17.435 , -0.4300003
17.436 , -0.4199982
17.438 , -0.4599991
17.439 , -0.4899979
17.44 , -0.4499969
17.441 , -0.409996
17.443 , -0.3999939
17.444 , -0.4399948
17.445 , -0.4399948
17.446 , -0.4300003
17.447 , -0.5
17.448 , -0.4300003
17.45 , -0.4499969
17.451 , -0.4499969
17.452 , -0.4499969
17.453 , -0.4399948
17.455 , -0.4799957
17.456 , -0.4699936
17.457 , -0.4699936
17.458 , -0.4299927
17.459 , -0.5
17.461 , -0.4599991
17.462 , -0.4599991
17.463 , -0.4499969
17.464 , -0.4499969
17.465 , -0.4499969
17.467 , -0.4700012
17.468 , -0.4700012
17.469 , -0.4399948
17.47 , -0.5200043
17.471 , -0.4600067
17.473 , -0.4899979
17.474 , -0.5100021
17.475 , -0.5100021
17.476 , -0.5
17.477 , -0.5299988
17.479 , -0.5
17.48 , -0.4899979
17.481 , -0.5199966
17.482 , -0.4899979
17.483 , -0.4800034
17.485 , -0.4599991
17.486 , -0.5
17.487 , -0.5400009
17.488 , -0.5
17.489 , -0.5
17.49 , -0.4899979
17.492 , -0.5299988
17.493 , -0.5200043
17.494 , -0.5200043
17.495 , -0.5500031
17.496 , -0.5200043
17.498 , -0.5100021
17.499 , -0.5400009
17.5 , -0.5299988
17.501 , -0.5
17.502 , -0.5299988
17.503 , -0.5199966
17.505 , -0.4899979
17.506 , -0.4899979
17.507 , -0.5100021
17.508 , -0.5100021
17.509 , -0.5100021
17.511 , -0.5
17.512 , -0.5699997
17.513 , -0.5800018
17.514 , -0.5599976
17.515 , -0.5800018
17.517 , -0.590004
17.518 , -0.5500031
17.519 , -0.5700073
17.52 , -0.5600052
17.521 , -0.5400009
17.522 , -0.5600052
17.524 , -0.5500031
17.525 , -0.5699997
17.526 , -0.5500031
17.527 , -0.5599976
17.528 , -0.5400009
17.53 , -0.5500031
17.531 , -0.5500031
17.532 , -0.5500031
17.533 , -0.5400009
17.534 , -0.590004
17.535 , -0.590004
17.537 , -0.5999985
17.538 , -0.5800018
17.539 , -0.5800018
17.54 , -0.5699997
17.541 , -0.5699997
17.543 , -0.5600052
17.544 , -0.5600052
17.545 , -0.5800018
17.546 , -0.5800018
17.547 , -0.5699997
17.548 , -0.5699997
17.55 , -0.6100006
17.551 , -0.6499939
17.552 , -0.6100006
17.553 , -0.6000061
17.554 , -0.6200027
17.556 , -0.6200027
17.557 , -0.6100006
17.558 , -0.6100006
17.559 , -0.6100006
17.56 , -0.6199951
17.562 , -0.6199951
17.563 , -0.5899963
17.564 , -0.5899963
17.565 , -0.609993
17.566 , -0.609993
17.568 , -0.6500015
17.569 , -0.5999985
17.57 , -0.5899963
17.571 , -0.5899963
17.572 , -0.6399994
17.574 , -0.6299973
17.575 , -0.6500015
17.576 , -0.6500015
17.577 , -0.640007
17.578 , -0.640007
17.58 , -0.6300049
17.581 , -0.6800003
17.582 , -0.6300049
17.583 , -0.6300049
17.584 , -0.6200027
17.586 , -0.6699982
17.587 , -0.6100006
17.588 , -0.659996
17.589 , -0.659996
17.59 , -0.6500015
17.592 , -0.6700058
17.593 , -0.6500015
17.594 , -0.6600037
17.595 , -0.6600037
17.596 , -0.6999969
17.598 , -0.6899948
17.599 , -0.6899948
17.6 , -0.6800003
17.601 , -0.6800003
17.602 , -0.6800003
17.604 , -0.7000046
17.605 , -0.6699982
17.606 , -0.6300049
17.607 , -0.659996
17.608 , -0.659996
17.61 , -0.6499939
17.611 , -0.6999969
17.612 , -0.6800003
17.613 , -0.6999969
17.614 , -0.6700058
17.616 , -0.6700058
17.617 , -0.6800003
17.618 , -0.7300034
17.619 , -0.6600037
17.62 , -0.6699982
17.621 , -0.7200012
17.623 , -0.7200012
17.624 , -0.7099991
17.625 , -0.7299957
17.626 , -0.7099991
17.627 , -0.7000046
17.629 , -0.7000046
17.63 , -0.6900024
17.631 , -0.6900024
17.632 , -0.7099991
17.633 , -0.6900024
17.635 , -0.6800003
17.636 , -0.6999969
17.637 , -0.6700058
17.638 , -0.7300034
17.639 , -0.6900024
17.641 , -0.7200012
17.642 , -0.7200012
17.643 , -0.7200012
17.644 , -0.6699982
17.645 , -0.7099991
17.647 , -0.6999969
17.648 , -0.659996
17.649 , -0.6999969
17.65 , -0.6999969
17.651 , -0.6900024
17.653 , -0.7200012
17.654 , -0.6800003
17.655 , -0.7099991
17.656 , -0.7099991
17.657 , -0.6999969
17.659 , -0.6999969
17.66 , -0.7200012
17.661 , -0.7100067
17.662 , -0.6900024
17.663 , -0.6600037
17.665 , -0.7000046
17.666 , -0.6800003
17.667 , -0.6900024
17.668 , -0.6699982
17.669 , -0.6900024
17.671 , -0.7299957
17.672 , -0.7299957
17.673 , -0.7299957
17.674 , -0.7200012
17.675 , -0.7200012
17.677 , -0.7099991
17.678 , -0.7099991
17.679 , -0.7300034
17.68 , -0.7300034
17.681 , -0.6999969
17.683 , -0.7200012
17.684 , -0.6900024
17.685 , -0.6900024
17.686 , -0.7100067
17.687 , -0.6800003
17.688 , -0.7000046
17.69 , -0.7399979
17.691 , -0.6900024
17.692 , -0.6900024
17.693 , -0.7299957
17.694 , -0.6800003
17.695 , -0.7199936
17.697 , -0.7099991
17.698 , -0.7400055
17.699 , -0.7099991
17.7 , -0.6700058
17.702 , -0.6600037
17.703 , -0.6999969
17.704 , -0.6500015
17.705 , -0.6899948
17.706 , -0.6500015
17.708 , -0.6399994
17.709 , -0.6399994
17.71 , -0.6799927
17.711 , -0.6699982
17.712 , -0.6699982
17.714 , -0.6900024
17.715 , -0.659996
17.716 , -0.6900024
17.717 , -0.6800003
17.718 , -0.6999969
17.72 , -0.6499939
17.721 , -0.6900024
17.722 , -0.6700058
17.723 , -0.6700058
17.725 , -0.6299973
17.726 , -0.6600037
17.727 , -0.6299973
17.728 , -0.6500015
17.737 , -0.6300049
17.739 , -0.6399994
17.74 , -0.6900024
17.741 , -0.6800003
17.742 , -0.6299973
17.743 , -0.6800003
17.744 , -0.6700058
17.746 , -0.6200027
17.747 , -0.6200027
17.748 , -0.6600037
17.749 , -0.6600037
17.75 , -0.6600037
17.752 , -0.6500015
17.753 , -0.6699982
17.754 , -0.6399994
17.755 , -0.659996
17.756 , -0.6399994
17.758 , -0.6900024
17.759 , -0.6300049
17.76 , -0.6300049
17.761 , -0.6200027
17.762 , -0.6399994
17.764 , -0.6299973
17.765 , -0.6299973
17.766 , -0.6699982
17.767 , -0.6299973
17.769 , -0.6200027
17.77 , -0.6000061
17.771 , -0.6100006
17.772 , -0.6500015
17.773 , -0.6100006
17.774 , -0.6699982
17.776 , -0.6399994
17.777 , -0.6699982
17.778 , -0.659996
17.779 , -0.659996
17.781 , -0.6500015
17.782 , -0.6500015
17.783 , -0.6200027
17.784 , -0.6399994
17.785 , -0.6100006
17.786 , -0.6100006
17.788 , -0.5999985
17.789 , -0.5599976
17.79 , -0.5999985
17.791 , -0.6199951
17.793 , -0.5899963
17.794 , -0.6500015
17.795 , -0.6100006
17.796 , -0.6500015
17.797 , -0.6500015
17.799 , -0.6399994
17.8 , -0.5999985
17.801 , -0.6299973
17.802 , -0.5899963
17.803 , -0.6299973
17.805 , -0.5800018
17.806 , -0.5800018
17.807 , -0.6500015
17.808 , -0.6100006
17.809 , -0.6399994
17.811 , -0.5999985
17.812 , -0.6299973
17.813 , -0.5999985
17.814 , -0.6500015
17.815 , -0.6199951
17.817 , -0.5899963
17.818 , -0.6100006
17.819 , -0.6100006
17.82 , -0.6100006
17.821 , -0.6699982
17.822 , -0.5999985
17.824 , -0.5999985
17.825 , -0.5899963
17.826 , -0.5899963
17.827 , -0.6100006
17.829 , -0.5800018
17.83 , -0.6500015
17.831 , -0.590004
17.832 , -0.6399994
17.833 , -0.6399994
17.835 , -0.6299973
17.836 , -0.6299973
17.837 , -0.6299973
17.838 , -0.6199951
17.839 , -0.5699997
17.841 , -0.6100006
17.842 , -0.6300049
17.843 , -0.5400009
17.844 , -0.5600052
17.845 , -0.5500031
17.847 , -0.5500031
17.848 , -0.5199966
17.849 , -0.5400009
17.85 , -0.5400009
17.851 , -0.5800018
17.852 , -0.5300064
17.854 , -0.5300064
17.855 , -0.5200043
17.856 , -0.5699997
17.857 , -0.5200043
17.858 , -0.5800018
17.86 , -0.5599976
17.861 , -0.5499954
17.862 , -0.5
17.863 , -0.5499954
17.864 , -0.5499954
17.866 , -0.5400009
17.867 , -0.5400009
17.868 , -0.5299988
17.869 , -0.5299988
17.87 , -0.5500031
17.871 , -0.5199966
17.873 , -0.4700012
17.874 , -0.5400009
17.875 , -0.5099945
17.876 , -0.5099945
17.877 , -0.5299988
17.879 , -0.5
17.88 , -0.5
17.881 , -0.4400024
17.882 , -0.4899979
17.883 , -0.4899979
17.885 , -0.409996
17.886 , -0.409996
17.887 , -0.4300003
17.888 , -0.4200058
17.89 , -0.4000015
17.891 , -0.4200058
17.892 , -0.3899994
17.893 , -0.3899994
17.894 , -0.4100037
17.896 , -0.3499985
17.897 , -0.3499985
17.898 , -0.2699966
17.899 , -0.2999954
17.901 , -0.2299957
17.902 , -0.2000046
17.903 , -0.1500015
17.904 , -0.1300049
17.905 , -0.1200027
17.906 , -0.08999634
17.908 , -0.0799942
17.909 , -0.01999664
17.911 , -0.01999664
17.912 , 0.05999756
17.913 , 0.05999756
17.915 , 0.09999847
17.916 , 0.159996
17.917 , 0.2099991
17.919 , 0.2399979
17.92 , 0.2700043
17.921 , 0.2700043
17.922 , 0.3899994
17.923 , 0.4100037
17.924 , 0.4600067
17.926 , 0.4899979
17.927 , 0.5099945
17.928 , 0.5899963
17.929 , 0.6399994
17.93 , 0.659996
17.932 , 0.6699982
17.933 , 0.7600021
17.934 , 0.7900009
17.935 , 0.8399963
17.936 , 0.8699951
17.938 , 0.9399948
17.939 , 1.010002
17.94 , 1.010002
17.941 , 1.040001
17.942 , 1.090004
17.943 , 1.110001
17.945 , 1.220001
17.946 , 1.150002
17.947 , 1.220001
17.948 , 1.269997
17.949 , 1.290001
17.951 , 1.290001
17.952 , 1.370003
17.953 , 1.370003
17.954 , 1.400002
17.955 , 1.470001
17.956 , 1.520004
17.957 , 1.540001
17.959 , 1.550003
17.96 , 1.580002
17.961 , 1.580002
17.962 , 1.699997
17.963 , 1.699997
17.965 , 1.730003
17.966 , 1.730003
17.967 , 1.760002
17.968 , 1.760002
17.969 , 1.830002
17.97 , 1.830002
17.972 , 1.889999
17.973 , 1.889999
17.974 , 1.909996
17.975 , 1.949997
17.976 , 1.949997
17.978 , 2.010002
17.979 , 2.0
17.98 , 2.020004
17.981 , 2.07
17.982 , 2.080002
17.983 , 2.100006
17.985 , 2.110001
17.986 , 2.110001
17.987 , 2.110001
17.988 , 2.110001
17.989 , 2.099998
17.99 , 2.050003
17.992 , 2.040001
17.993 , 2.0
17.994 , 2.0
17.995 , 2.009995
17.996 , 2.049995
17.997 , 2.009995
17.999 , 1.989998
18.0 , 1.989998
18.001 , 2.019997
18.002 , 1.980003
18.003 , 2.0
18.004 , 1.93
18.006 , 1.940002
18.007 , 1.990005
18.008 , 1.940002
18.009 , 1.93
18.01 , 1.93
18.011 , 1.889999
18.013 , 1.849998
18.014 , 1.900002
18.015 , 1.810005
18.016 , 1.810005
18.017 , 1.810005
18.018 , 1.790001
18.019 , 1.759995
18.021 , 1.759995
18.022 , 1.809998
18.023 , 1.739998
18.024 , 1.739998
18.025 , 1.75
18.027 , 1.730003
18.028 , 1.68
18.029 , 1.690002
18.03 , 1.670006
18.031 , 1.630005
18.032 , 1.610001
18.033 , 1.57
18.035 , 1.580002
18.036 , 1.580002
18.037 , 1.550003
18.038 , 1.550003
18.039 , 1.540001
18.04 , 1.540001
18.042 , 1.510002
18.043 , 1.510002
18.044 , 1.480003
18.045 , 1.440002
18.046 , 1.449997
18.047 , 1.419998
18.048 , 1.400002
18.05 , 1.43
18.051 , 1.459999
18.052 , 1.420006
18.053 , 1.420006
18.054 , 1.380005
18.055 , 1.350006
18.056 , 1.32
18.058 , 1.32
18.059 , 1.299995
18.06 , 1.260002
18.061 , 1.260002
18.062 , 1.25
18.063 , 1.25
18.065 , 1.220001
18.066 , 1.160004
18.067 , 1.160004
18.068 , 1.090004
18.069 , 1.099998
18.07 , 1.099998
18.072 , 1.089996
18.073 , 1.07
18.074 , 1.019997
18.075 , 1.0
18.076 , 1.010002
18.077 , 1.010002
18.079 , 0.9499969
18.08 , 0.9499969
18.081 , 0.9499969
18.082 , 0.9599991
18.083 , 0.9400024
18.085 , 0.8899994
18.086 , 0.8799973
18.087 , 0.8799973
18.088 , 0.8799973
18.089 , 0.8199997
18.091 , 0.8199997
18.092 , 0.7900009
18.093 , 0.7599945
18.094 , 0.7399979
18.096 , 0.6999969
18.097 , 0.6800003
18.098 , 0.6800003
18.099 , 0.6500015
18.1 , 0.6900024
18.101 , 0.6200027
18.103 , 0.6299973
18.104 , 0.659996
18.105 , 0.609993
18.106 , 0.6199951
18.107 , 0.5699997
18.108 , 0.5499954
18.11 , 0.5599976
18.111 , 0.4899979
18.112 , 0.5
18.113 , 0.4800034
18.114 , 0.4300003
18.116 , 0.4899979
18.117 , 0.4199982
18.118 , 0.3799973
18.119 , 0.3600006
18.12 , 0.3199997
18.121 , 0.3199997
18.123 , 0.3000031
18.124 , 0.2799988
18.125 , 0.2799988
18.126 , 0.3100052
18.127 , 0.2900009
18.129 , 0.2299957
18.13 , 0.1899948
18.131 , 0.1899948
18.132 , 0.1399994
18.133 , 0.1500015
18.135 , 0.09999847
18.136 , 0.1100006
18.137 , 0.09000397
18.138 , 0.05000305
18.14 , 0.02999878
18.141 , 0.02999878
18.143 , 0.0
18.144 , 0.06999969
18.145 , -0.02999878
18.147 , 0.01000214
18.148 , -0.08000183
18.149 , -0.06999969
18.151 , -0.1399994
18.152 , -0.1399994
18.153 , -0.1300049
18.154 , -0.1300049
18.156 , -0.1500015
18.157 , -0.1500015
18.158 , -0.1699982
18.159 , -0.159996
18.16 , -0.1999969
18.162 , -0.1999969
18.163 , -0.2200012
18.164 , -0.2200012
18.165 , -0.1900024
18.166 , -0.25
18.167 , -0.25
18.169 , -0.1999969
18.17 , -0.2900009
18.171 , -0.2399979
18.172 , -0.2900009
18.173 , -0.2799988
18.175 , -0.3199997
18.176 , -0.340004
18.177 , -0.340004
18.178 , -0.340004
18.179 , -0.3700027
18.18 , -0.3700027
18.182 , -0.3700027
18.183 , -0.3600006
18.184 , -0.3600006
18.185 , -0.3600006
18.186 , -0.3500061
18.187 , -0.3800049
18.189 , -0.3700027
18.19 , -0.340004
18.191 , -0.4100037
18.192 , -0.4300003
18.193 , -0.4000015
18.194 , -0.4199982
18.196 , -0.3899994
18.197 , -0.4399948
18.198 , -0.4399948
18.199 , -0.4399948
18.201 , -0.4700012
18.202 , -0.4700012
18.203 , -0.4199982
18.204 , -0.3899994
18.205 , -0.4199982
18.207 , -0.4499969
18.208 , -0.409996
18.209 , -0.409996
18.21 , -0.3999939
18.211 , -0.5099945
18.213 , -0.4300003
18.214 , -0.4599991
18.215 , -0.5
18.216 , -0.4499969
18.217 , -0.4899979
18.218 , -0.4899979
18.22 , -0.4399948
18.221 , -0.4799957
18.222 , -0.4799957
18.223 , -0.4300003
18.224 , -0.4300003
18.226 , -0.4599991
18.227 , -0.4599991
18.228 , -0.4899979
18.229 , -0.4899979
18.231 , -0.4499969
18.232 , -0.4499969
18.233 , -0.4899979
18.234 , -0.4699936
18.235 , -0.4899979
18.237 , -0.4599991
18.238 , -0.4800034
18.239 , -0.4599991
18.24 , -0.4700012
18.241 , -0.4700012
18.243 , -0.4599991
18.244 , -0.4399948
18.245 , -0.4599991
18.246 , -0.4500046
18.247 , -0.4900055
18.249 , -0.4900055
18.25 , -0.4400024
18.251 , -0.4800034
18.252 , -0.4800034
18.253 , -0.4700012
18.254 , -0.5
18.256 , -0.5299988
18.257 , -0.5299988
18.258 , -0.4899979
18.259 , -0.4899979
18.26 , -0.4800034
18.262 , -0.4800034
18.263 , -0.5100021
18.264 , -0.5100021
18.265 , -0.4700012
18.266 , -0.4300003
18.267 , -0.5
18.269 , -0.5
18.27 , -0.4500046
18.271 , -0.4900055
18.272 , -0.5200043
18.273 , -0.4800034
18.274 , -0.5100021
18.276 , -0.5100021
18.277 , -0.5199966
18.278 , -0.5199966
18.279 , -0.5199966
18.28 , -0.4899979
18.282 , -0.5099945
18.283 , -0.5
18.284 , -0.4800034
18.285 , -0.5
18.286 , -0.4800034
18.288 , -0.4899979
18.289 , -0.4899979
18.29 , -0.4799957
18.291 , -0.4799957
18.292 , -0.4799957
18.294 , -0.5099945
18.295 , -0.5399933
18.296 , -0.5799942
18.297 , -0.5299988
18.298 , -0.5299988
18.3 , -0.5199966
18.301 , -0.5199966
18.302 , -0.5199966
18.303 , -0.5499954
18.304 , -0.5099945
18.306 , -0.5499954
18.307 , -0.5400009
18.308 , -0.5
18.309 , -0.5400009
18.31 , -0.5599976
18.312 , -0.5299988
18.313 , -0.5199966
18.314 , -0.5199966
18.315 , -0.5899963
18.316 , -0.5499954
18.318 , -0.5799942
18.319 , -0.5799942
18.32 , -0.590004
18.321 , -0.5699997
18.323 , -0.5599976
18.324 , -0.5599976
18.325 , -0.5599976
18.326 , -0.5599976
18.327 , -0.5499954
18.329 , -0.5699997
18.33 , -0.5600052
18.331 , -0.590004
18.332 , -0.5600052
18.333 , -0.5800018
18.335 , -0.5800018
18.336 , -0.6200027
18.337 , -0.6100006
18.338 , -0.5699997
18.339 , -0.6100006
18.34 , -0.5999985
18.342 , -0.5599976
18.343 , -0.6200027
18.344 , -0.5500031
18.345 , -0.5500031
18.346 , -0.6200027
18.348 , -0.6100006
18.349 , -0.6100006
18.35 , -0.5999985
18.351 , -0.6399994
18.352 , -0.6399994
18.354 , -0.6300049
18.355 , -0.590004
18.356 , -0.6500015
18.357 , -0.5800018
18.358 , -0.6399994
18.36 , -0.6100006
18.361 , -0.6299973
18.362 , -0.6100006
18.363 , -0.6299973
18.364 , -0.6199951
18.365 , -0.6199951
18.367 , -0.6100006
18.368 , -0.590004
18.369 , -0.6100006
18.37 , -0.6299973
18.371 , -0.6699982
18.373 , -0.5999985
18.374 , -0.5899963
18.375 , -0.5899963
18.376 , -0.6899948
18.377 , -0.6499939
18.379 , -0.6799927
18.38 , -0.6699982
18.381 , -0.6399994
18.382 , -0.5999985
18.384 , -0.6299973
18.385 , -0.6299973
18.386 , -0.6299973
18.387 , -0.6199951
18.389 , -0.6199951
18.39 , -0.6399994
18.391 , -0.6399994
18.392 , -0.6800003
18.393 , -0.6800003
18.395 , -0.6299973
18.396 , -0.6900024
18.397 , -0.659996
18.398 , -0.6199951
18.399 , -0.659996
18.401 , -0.6699982
18.402 , -0.6699982
18.403 , -0.6499939
18.404 , -0.6399994
18.405 , -0.6600037
18.407 , -0.6500015
18.408 , -0.6299973
18.417 , -0.6200027
18.418 , -0.6200027
18.419 , -0.6699982
18.421 , -0.659996
18.422 , -0.6800003
18.423 , -0.659996
18.424 , -0.6499939
18.425 , -0.6499939
18.427 , -0.6399994
18.428 , -0.6399994
18.429 , -0.6600037
18.43 , -0.6500015
18.431 , -0.6500015
18.433 , -0.6500015
18.434 , -0.6699982
18.435 , -0.6399994
18.436 , -0.6399994
18.437 , -0.7000046
18.438 , -0.6600037
18.44 , -0.6600037
18.441 , -0.6500015
18.442 , -0.6900024
18.443 , -0.6500015
18.444 , -0.6100006
18.446 , -0.6100006
18.447 , -0.5999985
18.448 , -0.6699982
18.449 , -0.6699982
18.45 , -0.6699982
18.452 , -0.6200027
18.453 , -0.6600037
18.454 , -0.6500015
18.455 , -0.6699982
18.456 , -0.6699982
18.458 , -0.659996
18.459 , -0.6399994
18.46 , -0.6399994
18.461 , -0.7199936
18.463 , -0.6299973
18.464 , -0.6399994
18.465 , -0.6900024
18.466 , -0.6399994
18.467 , -0.6800003
18.469 , -0.6299973
18.47 , -0.6999969
18.471 , -0.6699982
18.472 , -0.6899948
18.474 , -0.6800003
18.475 , -0.6800003
18.476 , -0.6800003
18.477 , -0.7000046
18.478 , -0.6699982
18.48 , -0.6699982
18.481 , -0.6399994
18.482 , -0.659996
18.483 , -0.659996
18.484 , -0.6800003
18.486 , -0.6499939
18.487 , -0.6399994
18.488 , -0.6399994
18.489 , -0.6399994
18.49 , -0.6399994
18.492 , -0.6600037
18.493 , -0.6600037
18.494 , -0.6500015
18.495 , -0.6899948
18.496 , -0.6500015
18.498 , -0.640007
18.499 , -0.6100006
18.5 , -0.6100006
18.501 , -0.6699982
18.502 , -0.5999985
18.503 , -0.6300049
18.505 , -0.659996
18.506 , -0.6200027
18.507 , -0.6100006
18.508 , -0.6499939
18.509 , -0.6499939
18.511 , -0.6399994
18.512 , -0.6000061
18.513 , -0.6399994
18.514 , -0.6299973
18.516 , -0.6299973
18.517 , -0.6299973
18.518 , -0.6500015
18.519 , -0.5800018
18.52 , -0.6199951
18.521 , -0.6100006
18.523 , -0.6100006
18.524 , -0.5999985
18.525 , -0.5999985
18.526 , -0.5999985
18.528 , -0.5899963
18.529 , -0.5899963
18.53 , -0.6200027
18.531 , -0.6100006
18.532 , -0.6100006
18.533 , -0.6100006
18.535 , -0.5699997
18.536 , -0.6399994
18.537 , -0.6000061
18.538 , -0.590004
18.539 , -0.590004
18.541 , -0.6399994
18.542 , -0.5800018
18.543 , -0.5499954
18.544 , -0.609993
18.546 , -0.5699997
18.547 , -0.5699997
18.548 , -0.5600052
18.549 , -0.5999985
18.55 , -0.5600052
18.552 , -0.5899963
18.553 , -0.5899963
18.554 , -0.5799942
18.555 , -0.5999985
18.557 , -0.5999985
18.558 , -0.5699997
18.559 , -0.590004
18.56 , -0.590004
18.561 , -0.6100006
18.563 , -0.5800018
18.564 , -0.5499954
18.565 , -0.5699997
18.566 , -0.5699997
18.567 , -0.5499954
18.569 , -0.5
18.57 , -0.5599976
18.571 , -0.5500031
18.572 , -0.5299988
18.574 , -0.5400009
18.575 , -0.5400009
18.576 , -0.5199966
18.577 , -0.5400009
18.578 , -0.5299988
18.579 , -0.5099945
18.581 , -0.5200043
18.582 , -0.5200043
18.583 , -0.5
18.584 , -0.4500046
18.585 , -0.5100021
18.587 , -0.5100021
18.588 , -0.4799957
18.589 , -0.5
18.59 , -0.5
18.591 , -0.5599976
18.592 , -0.4899979
18.594 , -0.4899979
18.595 , -0.5100021
18.596 , -0.5100021
18.597 , -0.5100021
18.598 , -0.4700012
18.6 , -0.5400009
18.601 , -0.4599991
18.602 , -0.4899979
18.603 , -0.4599991
18.604 , -0.4599991
18.606 , -0.4800034
18.607 , -0.4500046
18.608 , -0.5100021
18.609 , -0.4700012
18.61 , -0.4400024
18.611 , -0.4300003
18.613 , -0.4300003
18.614 , -0.5
18.615 , -0.4899979
18.616 , -0.4899979
18.617 , -0.4899979
18.619 , -0.4400024
18.62 , -0.4400024
18.621 , -0.4700012
18.622 , -0.4300003
18.623 , -0.4300003
18.624 , -0.4300003
18.626 , -0.3899994
18.627 , -0.3899994
18.628 , -0.3799973
18.629 , -0.359993
18.631 , -0.3499985
18.632 , -0.3700027
18.633 , -0.3499985
18.634 , -0.3499985
18.635 , -0.3399963
18.637 , -0.3399963
18.638 , -0.2900009
18.639 , -0.2900009
18.64 , -0.2200012
18.641 , -0.1800003
18.642 , -0.1800003
18.644 , -0.2100067
18.645 , -0.09999847
18.646 , -0.09999847
18.648 , -0.02999878
18.649 , 0.0
18.65 , 0.02000427
18.652 , 0.03000641
18.653 , 0.08000183
18.654 , 0.1000061
18.656 , 0.1500015
18.657 , 0.1800003
18.658 , 0.1900024
18.659 , 0.2600021
18.66 , 0.2600021
18.661 , 0.3300018
18.663 , 0.3600006
18.664 , 0.4300003
18.665 , 0.4599991
18.666 , 0.4599991
18.667 , 0.5
18.668 , 0.5800018
18.67 , 0.5400009
18.671 , 0.6500015
18.672 , 0.6600037
18.673 , 0.6800003
18.674 , 0.7099991
18.675 , 0.7600021
18.677 , 0.7900009
18.678 , 0.8899994
18.679 , 0.9300003
18.68 , 0.9300003
18.681 , 0.9599991
18.683 , 1.010002
18.684 , 1.059998
18.685 , 1.110001
18.686 , 1.18
18.687 , 1.209999
18.688 , 1.279999
18.69 , 1.309998
18.691 , 1.349998
18.692 , 1.360001
18.693 , 1.43
18.694 , 1.43
18.696 , 1.489998
18.697 , 1.529999
18.698 , 1.57
18.699 , 1.630005
18.7 , 1.630005
18.702 , 1.669998
18.703 , 1.709999
18.704 , 1.739998
18.705 , 1.75
18.706 , 1.790001
18.707 , 1.860001
18.709 , 1.870003
18.71 , 1.870003
18.711 , 1.889999
18.712 , 1.93
18.713 , 1.970001
18.714 , 1.970001
18.716 , 1.979996
18.717 , 2.049995
18.718 , 2.059998
18.719 , 2.059998
18.72 , 2.080002
18.722 , 2.120003
18.723 , 2.120003
18.724 , 2.120003
18.725 , 2.129997
18.726 , 2.129997
18.727 , 2.099998
18.729 , 2.110001
18.73 , 2.139999
18.731 , 2.110001
18.732 , 2.120003
18.733 , 2.150002
18.734 , 2.099998
18.736 , 2.110001
18.737 , 2.060005
18.738 , 2.07
18.739 , 2.07
18.74 , 2.049995
18.741 , 2.049995
18.743 , 2.059998
18.744 , 2.019997
18.745 , 2.029999
18.746 , 2.0
18.747 , 2.0
18.749 , 2.009995
18.75 , 1.989998
18.751 , 1.939995
18.752 , 1.949997
18.753 , 1.93
18.754 , 1.93
18.756 , 1.940002
18.757 , 1.900002
18.758 , 1.870003
18.759 , 1.840004
18.76 , 1.810005
18.761 , 1.810005
18.763 , 1.799995
18.764 , 1.799995
18.765 , 1.769997
18.766 , 1.739998
18.767 , 1.739998
18.769 , 1.709999
18.77 , 1.68
18.771 , 1.709999
18.772 , 1.669998
18.773 , 1.669998
18.775 , 1.639999
18.776 , 1.639999
18.777 , 1.610001
18.778 , 1.610001
18.779 , 1.580002
18.781 , 1.550003
18.782 , 1.540001
18.783 , 1.540001
18.784 , 1.560005
18.785 , 1.549995
18.786 , 1.509995
18.788 , 1.509995
18.789 , 1.449997
18.79 , 1.419998
18.791 , 1.419998
18.792 , 1.370003
18.794 , 1.340004
18.795 , 1.350006
18.796 , 1.310005
18.797 , 1.280006
18.798 , 1.240005
18.799 , 1.25
18.8 , 1.220001
18.802 , 1.230003
18.803 , 1.209999
18.804 , 1.209999
18.805 , 1.220001
18.806 , 1.18
18.807 , 1.150002
18.809 , 1.119995
18.81 , 1.119995
18.811 , 1.07
18.812 , 1.080002
18.813 , 1.040001
18.814 , 1.040001
18.816 , 0.9800034
18.817 , 0.9500046
18.818 , 0.9800034
18.819 , 0.9200058
18.82 , 0.9200058
18.822 , 0.9700012
18.823 , 0.909996
18.824 , 0.909996
18.825 , 0.8799973
18.826 , 0.8899994
18.828 , 0.8199997
18.829 , 0.8300018
18.83 , 0.7900009
18.831 , 0.7700043
18.832 , 0.7799988
18.834 , 0.7099991
18.835 , 0.7099991
18.836 , 0.6900024
18.837 , 0.6900024
18.838 , 0.6900024
18.84 , 0.6399994
18.841 , 0.6399994
18.842 , 0.6500015
18.843 , 0.6000061
18.844 , 0.6000061
18.846 , 0.5899963
18.847 , 0.5899963
18.848 , 0.5599976
18.849 , 0.5299988
18.85 , 0.5299988
18.852 , 0.4700012
18.853 , 0.4500046
18.854 , 0.4500046
18.855 , 0.3800049
18.856 , 0.3899994
18.858 , 0.3899994
18.859 , 0.3699951
18.86 , 0.3699951
18.861 , 0.3099976
18.862 , 0.3199997
18.864 , 0.3199997
18.865 , 0.2900009
18.866 , 0.2600021
18.867 , 0.2600021
18.868 , 0.1900024
18.869 , 0.1800003
18.871 , 0.1299973
18.872 , 0.1399994
18.873 , 0.1399994
18.874 , 0.08999634
18.876 , 0.06000519
18.877 , 0.04000092
18.879 , 0.05000305
18.88 , 0.05000305
18.881 , -0.01999664
18.883 , -0.01000214
18.884 , -0.04000092
18.885 , -0.01000214
18.887 , -0.06999969
18.888 , -0.06999969
18.89 , -0.1299973
18.891 , -0.1299973
18.892 , -0.1399994
18.893 , -0.1399994
18.895 , -0.1900024
18.896 , -0.1299973
18.897 , -0.2000046
18.898 , -0.2000046
18.899 , -0.1900024
18.901 , -0.1900024
18.902 , -0.25
18.903 , -0.25
18.904 , -0.25
18.905 , -0.2699966
18.906 , -0.2400055
18.908 , -0.2600021
18.909 , -0.25
18.91 , -0.3199997
18.911 , -0.3000031
18.912 , -0.3199997
18.914 , -0.3099976
18.915 , -0.3299942
18.916 , -0.3700027
18.917 , -0.390007
18.918 , -0.390007
18.92 , -0.3800049
18.921 , -0.3800049
18.922 , -0.4300003
18.923 , -0.3499985
18.924 , -0.4199982
18.925 , -0.4199982
18.927 , -0.3600006
18.928 , -0.409996
18.929 , -0.4000015
18.93 , -0.4200058
18.931 , -0.4200058
18.933 , -0.4100037
18.934 , -0.4400024
18.935 , -0.4400024
18.936 , -0.4300003
18.937 , -0.4700012
18.938 , -0.4899979
18.94 , -0.4600067
18.941 , -0.4800034
18.942 , -0.4800034
18.943 , -0.4700012
18.944 , -0.4700012
18.945 , -0.4500046
18.947 , -0.4400024
18.948 , -0.4599991
18.949 , -0.4499969
18.95 , -0.4499969
18.952 , -0.4499969
18.953 , -0.4900055
18.954 , -0.4400024
18.955 , -0.4900055
18.956 , -0.4800034
18.958 , -0.4300003
18.959 , -0.5400009
18.96 , -0.4899979
18.961 , -0.4899979
18.962 , -0.4899979
18.964 , -0.4799957
18.965 , -0.5299988
18.966 , -0.4700012
18.967 , -0.4700012
18.968 , -0.5200043
18.97 , -0.5100021
18.971 , -0.5100021
18.972 , -0.5299988
18.973 , -0.5
18.974 , -0.5199966
18.976 , -0.5100021
18.977 , -0.5300064
18.978 , -0.5300064
18.979 , -0.5
18.98 , -0.5699997
18.981 , -0.5699997
18.983 , -0.5599976
18.984 , -0.5599976
18.985 , -0.5599976
18.986 , -0.5499954
18.988 , -0.5499954
18.989 , -0.5499954
18.99 , -0.5400009
18.991 , -0.5600052
18.992 , -0.5400009
18.994 , -0.5500031
18.995 , -0.5999985
18.996 , -0.5400009
18.997 , -0.5899963
18.998 , -0.5899963
19.0 , -0.5800018
19.001 , -0.5800018
19.002 , -0.5300064
19.003 , -0.5200043
19.004 , -0.5699997
19.005 , -0.5699997
19.007 , -0.5599976
19.008 , -0.5599976
19.009 , -0.5800018
19.01 , -0.5499954
19.011 , -0.5699997
19.013 , -0.5600052
19.014 , -0.5600052
19.015 , -0.5600052
19.016 , -0.5699997
19.017 , -0.5699997
19.019 , -0.5500031
19.02 , -0.5599976
19.021 , -0.5599976
19.022 , -0.5599976
19.023 , -0.5500031
19.025 , -0.5300064
19.026 , -0.5400009
19.027 , -0.5400009
19.028 , -0.5400009
19.029 , -0.5400009
19.03 , -0.5299988
19.032 , -0.5299988
19.033 , -0.5899963
19.034 , -0.5699997
19.035 , -0.5699997
19.037 , -0.6300049
19.038 , -0.6500015
19.039 , -0.6300049
19.04 , -0.5699997
19.041 , -0.6200027
19.042 , -0.6200027
19.044 , -0.5599976
19.045 , -0.6100006
19.046 , -0.5999985
19.047 , -0.6199951
19.048 , -0.5999985
19.05 , -0.6100006
19.051 , -0.6100006
19.052 , -0.6100006
19.053 , -0.5999985
19.054 , -0.5999985
19.055 , -0.6699982
19.057 , -0.6100006
19.058 , -0.659996
19.059 , -0.5899963
19.06 , -0.6000061
19.061 , -0.6500015
19.063 , -0.590004
19.064 , -0.6399994
19.065 , -0.6399994
19.066 , -0.6399994
19.067 , -0.6299973
19.069 , -0.6299973
19.07 , -0.6199951
19.071 , -0.6199951
19.072 , -0.6399994
19.073 , -0.6800003
19.075 , -0.6800003
19.076 , -0.6300049
19.077 , -0.6200027
19.078 , -0.6900024
19.079 , -0.6900024
19.081 , -0.6100006
19.082 , -0.5899963
19.083 , -0.6000061
19.084 , -0.6000061
19.085 , -0.6000061
19.086 , -0.6000061
19.088 , -0.6399994
19.089 , -0.590004
19.098 , -0.6300049
19.099 , -0.6800003
19.1 , -0.6699982
19.102 , -0.6699982
19.103 , -0.659996
19.104 , -0.659996
19.105 , -0.6100006
19.106 , -0.659996
19.107 , -0.6500015
19.109 , -0.6500015
19.11 , -0.6399994
19.111 , -0.6600037
19.112 , -0.6600037
19.113 , -0.6299973
19.115 , -0.6699982
19.116 , -0.6500015
19.117 , -0.659996
19.118 , -0.6399994
19.119 , -0.659996
19.121 , -0.6500015
19.122 , -0.6500015
19.123 , -0.6399994
19.124 , -0.6399994
19.125 , -0.6399994
19.127 , -0.6299973
19.128 , -0.6800003
19.129 , -0.6100006
19.13 , -0.6899948
19.131 , -0.6699982
19.133 , -0.6800003
19.134 , -0.75
19.135 , -0.6800003
19.136 , -0.75
19.137 , -0.6699982
19.138 , -0.7399979
19.14 , -0.7299957
19.141 , -0.7099991
19.142 , -0.7099991
19.143 , -0.659996
19.144 , -0.6500015
19.146 , -0.7200012
19.147 , -0.7099991
19.148 , -0.7099991
19.149 , -0.7099991
19.15 , -0.6999969
19.152 , -0.7200012
19.153 , -0.6999969
19.154 , -0.7599945
19.155 , -0.7599945
19.157 , -0.75
19.158 , -0.75
19.159 , -0.7000046
19.16 , -0.6900024
19.161 , -0.6900024
19.162 , -0.7399979
19.164 , -0.7299957
19.165 , -0.6800003
19.166 , -0.6800003
19.167 , -0.7200012
19.168 , -0.7400055
19.169 , -0.7200012
19.171 , -0.7099991
19.172 , -0.7300034
19.173 , -0.7300034
19.174 , -0.7200012
19.175 , -0.7200012
19.176 , -0.7200012
19.178 , -0.7099991
19.179 , -0.7099991
19.18 , -0.7000046
19.181 , -0.7000046
19.182 , -0.7000046
19.184 , -0.8099976
19.185 , -0.8099976
19.186 , -0.8099976
19.187 , -0.75
19.188 , -0.7999954
19.19 , -0.7900009
19.191 , -0.7900009
19.192 , -0.7900009
19.193 , -0.7900009
19.194 , -0.7799988
19.196 , -0.8000031
19.197 , -0.7900009
19.198 , -0.7699966
19.199 , -0.7900009
19.2 , -0.7799988
19.202 , -0.7599945
19.203 , -0.7799988
19.204 , -0.7700043
19.205 , -0.7700043
19.206 , -0.7700043
19.208 , -0.7799988
19.209 , -0.7399979
19.21 , -0.7299957
19.211 , -0.7699966
19.213 , -0.7299957
19.214 , -0.7399979
19.215 , -0.7399979
19.216 , -0.7599945
19.217 , -0.75
19.219 , -0.7300034
19.22 , -0.8000031
19.221 , -0.7200012
19.222 , -0.7399979
19.223 , -0.7399979
19.224 , -0.7299957
19.226 , -0.7099991
19.227 , -0.7000046
19.228 , -0.7000046
19.229 , -0.7200012
19.23 , -0.7200012
19.232 , -0.7099991
19.233 , -0.6900024
19.234 , -0.75
19.235 , -0.75
19.236 , -0.75
19.237 , -0.7399979
19.239 , -0.6899948
19.24 , -0.7399979
19.241 , -0.7300034
19.242 , -0.7300034
19.243 , -0.7300034
19.245 , -0.6699982
19.246 , -0.7200012
19.247 , -0.7299957
19.248 , -0.7099991
19.249 , -0.659996
19.251 , -0.7000046
19.252 , -0.7200012
19.253 , -0.7200012
19.254 , -0.6900024
19.255 , -0.7099991
19.257 , -0.75
19.258 , -0.75
19.259 , -0.6800003
19.26 , -0.6999969
19.261 , -0.6899948
19.262 , -0.6699982
19.264 , -0.6800003
19.265 , -0.6800003
19.266 , -0.6800003
19.267 , -0.6500015
19.268 , -0.6500015
19.269 , -0.6500015
19.271 , -0.7099991
19.272 , -0.659996
19.273 , -0.659996
19.274 , -0.6500015
19.276 , -0.7000046
19.277 , -0.6900024
19.278 , -0.6399994
19.279 , -0.6900024
19.28 , -0.6900024
19.282 , -0.6800003
19.283 , -0.6800003
19.284 , -0.6199951
19.285 , -0.6199951
19.286 , -0.5999985
19.287 , -0.590004
19.289 , -0.6100006
19.29 , -0.6100006
19.291 , -0.5999985
19.292 , -0.5800018
19.293 , -0.5999985
19.295 , -0.6399994
19.296 , -0.6399994
19.297 , -0.659996
19.298 , -0.6499939
19.3 , -0.6299973
19.301 , -0.6399994
19.302 , -0.6200027
19.303 , -0.6200027
19.304 , -0.5599976
19.305 , -0.5599976
19.307 , -0.5599976
19.308 , -0.5999985
19.309 , -0.5999985
19.31 , -0.5999985
19.312 , -0.6100006
19.313 , -0.6100006
19.314 , -0.5800018
19.315 , -0.5999985
19.316 , -0.5999985
19.318 , -0.6100006
19.319 , -0.5899963
19.32 , -0.5899963
19.321 , -0.5799942
19.322 , -0.5999985
19.323 , -0.5799942
19.325 , -0.5699997
19.326 , -0.5699997
19.327 , -0.590004
19.328 , -0.5599976
19.33 , -0.5599976
19.331 , -0.5699997
19.332 , -0.5499954
19.333 , -0.5499954
19.334 , -0.5400009
19.336 , -0.5600052
19.337 , -0.5600052
19.338 , -0.5999985
19.339 , -0.5999985
19.34 , -0.5500031
19.342 , -0.5899963
19.343 , -0.5400009
19.344 , -0.5099945
19.345 , -0.5099945
19.346 , -0.5099945
19.348 , -0.5200043
19.349 , -0.5200043
19.35 , -0.5
19.351 , -0.5100021
19.352 , -0.5100021
19.353 , -0.5100021
19.354 , -0.5
19.356 , -0.5499954
19.357 , -0.5
19.358 , -0.5400009
19.359 , -0.4900055
19.36 , -0.4900055
19.361 , -0.4800034
19.363 , -0.4800034
19.364 , -0.4700012
19.365 , -0.4499969
19.366 , -0.4499969
19.367 , -0.4300003
19.369 , -0.4599991
19.37 , -0.4399948
19.371 , -0.4300003
19.372 , -0.4300003
19.373 , -0.4500046
19.375 , -0.4000015
19.376 , -0.4000015
19.377 , -0.4199982
19.378 , -0.3399963
19.379 , -0.3399963
19.38 , -0.3399963
19.382 , -0.2599945
19.383 , -0.2599945
19.384 , -0.2399979
19.385 , -0.2099991
19.387 , -0.2099991
19.388 , -0.1500015
19.389 , -0.1299973
19.39 , -0.1299973
19.391 , -0.04999542
19.393 , -0.04999542
19.394 , 0.02000427
19.396 , 0.04999542
19.397 , 0.09999847
19.398 , 0.1299973
19.4 , 0.1800003
19.401 , 0.2099991
19.402 , 0.2300034
19.403 , 0.2799988
19.404 , 0.3499985
19.406 , 0.3800049
19.407 , 0.4500046
19.408 , 0.4799957
19.409 , 0.5299988
19.41 , 0.5999985
19.412 , 0.6100006
19.413 , 0.6299973
19.414 , 0.6500015
19.415 , 0.7300034
19.416 , 0.7799988
19.417 , 0.8000031
19.419 , 0.8299942
19.42 , 0.8999939
19.421 , 0.9599991
19.422 , 0.9799957
19.423 , 1.049995
19.425 , 1.080002
19.426 , 1.129997
19.427 , 1.220001
19.428 , 1.25
19.429 , 1.300003
19.43 , 1.370003
19.432 , 1.399994
19.433 , 1.419998
19.434 , 1.470001
19.435 , 1.5
19.436 , 1.550003
19.437 , 1.57
19.439 , 1.620003
19.44 , 1.669998
19.441 , 1.729996
19.442 , 1.75
19.443 , 1.82
19.444 , 1.82
19.446 , 1.849998
19.447 , 1.900002
19.448 , 1.93
19.449 , 2.0
19.45 , 2.0
19.451 , 2.050003
19.453 , 2.080002
19.454 , 2.080002
19.455 , 2.110001
19.456 , 2.110001
19.457 , 2.149994
19.458 , 2.229996
19.459 , 2.260002
19.461 , 2.229996
19.462 , 2.239998
19.463 , 2.200005
19.464 , 2.200005
19.465 , 2.210007
19.467 , 2.18
19.468 , 2.220001
19.469 , 2.189995
19.47 , 2.220001
19.471 , 2.220001
19.472 , 2.230003
19.473 , 2.199997
19.475 , 2.170006
19.476 , 2.170006
19.477 , 2.150002
19.478 , 2.129997
19.479 , 2.18
19.48 , 2.159996
19.482 , 2.169998
19.483 , 2.139999
19.484 , 2.139999
19.485 , 2.110001
19.486 , 2.110001
19.488 , 2.050003
19.489 , 2.050003
19.49 , 2.050003
19.491 , 2.050003
19.492 , 2.040001
19.493 , 1.970001
19.494 , 1.970001
19.496 , 1.980003
19.497 , 1.910004
19.498 , 1.920006
19.499 , 1.920006
19.5 , 1.920006
19.501 , 1.900002
19.503 , 1.859993
19.504 , 1.859993
19.505 , 1.849998
19.506 , 1.82
19.507 , 1.82
19.509 , 1.790001
19.51 , 1.770004
19.511 , 1.770004
19.512 , 1.730003
19.513 , 1.730003
19.514 , 1.730003
19.515 , 1.669998
19.517 , 1.649994
19.518 , 1.659996
19.519 , 1.659996
19.52 , 1.589996
19.521 , 1.639999
19.523 , 1.650002
19.524 , 1.599998
19.525 , 1.609993
19.526 , 1.519997
19.527 , 1.539993
19.529 , 1.529999
19.53 , 1.529999
19.531 , 1.439995
19.532 , 1.400002
19.533 , 1.379997
19.534 , 1.379997
19.536 , 1.389999
19.537 , 1.360001
19.538 , 1.32
19.539 , 1.309998
19.54 , 1.309998
19.541 , 1.309998
19.543 , 1.32
19.544 , 1.25
19.545 , 1.260002
19.546 , 1.209999
19.547 , 1.209999
19.548 , 1.190002
19.55 , 1.18
19.551 , 1.130005
19.552 , 1.139999
19.553 , 1.119995
19.554 , 1.139999
19.556 , 1.080002
19.557 , 1.059998
19.558 , 0.9899979
19.559 , 1.050003
19.56 , 1.0
19.561 , 1.0
19.563 , 0.9899979
19.564 , 0.9899979
19.565 , 1.0
19.566 , 0.9499969
19.567 , 0.9300003
19.569 , 0.9400024
19.57 , 0.9400024
19.571 , 0.8700027
19.572 , 0.8800049
19.573 , 0.8600006
19.575 , 0.8699951
19.576 , 0.8699951
19.577 , 0.8199997
19.578 , 0.8199997
19.579 , 0.7600021
19.581 , 0.7600021
19.582 , 0.75
19.583 , 0.7300034
19.584 , 0.7300034
19.585 , 0.7399979
19.587 , 0.7399979
19.588 , 0.6899948
19.589 , 0.6800003
19.59 , 0.6299973
19.591 , 0.6299973
19.593 , 0.6200027
19.594 , 0.5999985
19.595 , 0.6300049
19.596 , 0.5400009
19.597 , 0.5400009
19.599 , 0.5499954
19.6 , 0.4799957
19.601 , 0.5
19.602 , 0.4899979
19.603 , 0.4400024
19.604 , 0.4400024
19.606 , 0.4100037
19.607 , 0.4300003
19.608 , 0.4100037
19.609 , 0.4399948
19.61 , 0.4199982
19.611 , 0.3499985
19.613 , 0.3600006
19.614 , 0.2900009
19.615 , 0.2900009
19.616 , 0.2300034
19.617 , 0.2799988
19.618 , 0.2099991
19.62 , 0.2200012
19.621 , 0.2200012
19.622 , 0.1800003
19.623 , 0.1800003
19.624 , 0.1800003
19.625 , 0.159996
19.627 , 0.1699982
19.628 , 0.1500015
19.629 , 0.1600037
19.63 , 0.1600037
19.631 , 0.1100006
19.632 , 0.1000061
19.634 , 0.1000061
19.635 , 0.05000305
19.636 , 0.05999756
19.637 , 0.04000092
19.639 , 0.05000305
19.64 , -0.01999664
19.642 , -0.009994507
19.643 , 0.01000214
19.645 , -0.009994507
19.646 , 0.0
19.647 , -0.02000427
19.649 , -0.05999756
19.65 , -0.05999756
19.652 , -0.06999969
19.653 , -0.06999969
19.654 , -0.1199951
19.656 , -0.1299973
19.657 , -0.109993
19.658 , -0.109993
19.659 , -0.1200027
19.66 , -0.1200027
19.662 , -0.1299973
19.663 , -0.1100006
19.664 , -0.1299973
19.665 , -0.1299973
19.666 , -0.1199951
19.668 , -0.1699982
19.669 , -0.1600037
19.67 , -0.1800003
19.671 , -0.1800003
19.672 , -0.1699982
19.674 , -0.1699982
19.675 , -0.2399979
19.676 , -0.2299957
19.677 , -0.2299957
19.678 , -0.25
19.68 , -0.2199936
19.681 , -0.2199936
19.682 , -0.2099991
19.683 , -0.2300034
19.684 , -0.2799988
19.686 , -0.2200012
19.687 , -0.2699966
19.688 , -0.2699966
19.689 , -0.2599945
19.69 , -0.2799988
19.692 , -0.2799988
19.693 , -0.2700043
19.694 , -0.2700043
19.695 , -0.2700043
19.696 , -0.2600021
19.698 , -0.3300018
19.699 , -0.3199997
19.7 , -0.25
19.701 , -0.3199997
19.702 , -0.3399963
19.704 , -0.3299942
19.705 , -0.3099976
19.706 , -0.3199997
19.707 , -0.3199997
19.709 , -0.3600006
19.71 , -0.3099976
19.711 , -0.3600006
19.712 , -0.3600006
19.713 , -0.3499985
19.715 , -0.3499985
19.716 , -0.359993
19.717 , -0.359993
19.718 , -0.359993
19.719 , -0.3499985
19.721 , -0.3700027
19.722 , -0.3700027
19.723 , -0.3199997
19.724 , -0.3600006
19.725 , -0.3600006
19.726 , -0.3499985
19.728 , -0.3499985
19.729 , -0.340004
19.73 , -0.340004
19.731 , -0.3899994
19.733 , -0.3799973
19.734 , -0.4000015
19.735 , -0.4000015
19.736 , -0.3899994
19.737 , -0.3899994
19.739 , -0.4300003
19.74 , -0.3799973
19.741 , -0.3799973
19.742 , -0.4300003
19.743 , -0.4200058
19.744 , -0.4200058
19.746 , -0.4100037
19.747 , -0.4100037
19.748 , -0.4300003
19.749 , -0.4199982
19.75 , -0.4199982
19.752 , -0.4199982
19.753 , -0.4300003
19.754 , -0.4300003
19.755 , -0.4300003
19.756 , -0.4199982
19.757 , -0.4199982
19.759 , -0.409996
19.76 , -0.4599991
19.761 , -0.4599991
19.762 , -0.4799957
19.764 , -0.4499969
19.765 , -0.4499969
19.766 , -0.4599991
19.767 , -0.4400024
19.769 , -0.4599991
19.778 , -0.5
19.779 , -0.5500031
19.78 , -0.4899979
19.781 , -0.5600052
19.782 , -0.4899979
19.784 , -0.5299988
19.785 , -0.5299988
19.786 , -0.5400009
19.787 , -0.5400009
19.789 , -0.5400009
19.79 , -0.5500031
19.791 , -0.5500031
19.792 , -0.5500031
19.793 , -0.590004
19.795 , -0.590004
19.796 , -0.5299988
19.797 , -0.5999985
19.798 , -0.5999985
19.799 , -0.5999985
19.801 , -0.5899963
19.802 , -0.5899963
19.803 , -0.5800018
19.804 , -0.6300049
19.805 , -0.6300049
19.807 , -0.6399994
19.808 , -0.6200027
19.809 , -0.6200027
19.81 , -0.6299973
19.811 , -0.6299973
19.813 , -0.6399994
19.814 , -0.6900024
19.815 , -0.6900024
19.816 , -0.6800003
19.817 , -0.6800003
19.819 , -0.6800003
19.82 , -0.6699982
19.821 , -0.7399979
19.822 , -0.6900024
19.823 , -0.6800003
19.825 , -0.6800003
19.826 , -0.6700058
19.827 , -0.7200012
19.828 , -0.7200012
19.829 , -0.7400055
19.831 , -0.7300034
19.832 , -0.7300034
19.833 , -0.7399979
19.834 , -0.7200012
19.835 , -0.7900009
19.837 , -0.7300034
19.838 , -0.7300034
19.839 , -0.7800064
19.84 , -0.7900009
19.841 , -0.7700043
19.842 , -0.7900009
19.844 , -0.7799988
19.845 , -0.8499985
19.846 , -0.8300018
19.847 , -0.7699966
19.849 , -0.8399963
19.85 , -0.8100052
19.851 , -0.8100052
19.852 , -0.8800049
19.853 , -0.8700027
19.855 , -0.8700027
19.856 , -0.8899994
19.857 , -0.8799973
19.858 , -0.8600006
19.859 , -0.8600006
19.861 , -0.8500061
19.862 , -0.890007
19.863 , -0.8600006
19.864 , -0.8600006
19.865 , -0.8600006
19.866 , -0.8800049
19.868 , -0.8700027
19.869 , -0.8700027
19.87 , -0.909996
19.871 , -0.8600006
19.872 , -0.909996
19.874 , -0.9000015
19.875 , -0.9000015
19.876 , -0.9000015
19.877 , -0.8899994
19.878 , -0.9599991
19.88 , -0.9000015
19.881 , -0.9499969
19.882 , -0.9700012
19.883 , -0.8899994
19.884 , -0.8899994
19.886 , -0.9399948
19.887 , -0.9500046
19.888 , -0.9300003
19.889 , -0.9300003
19.891 , -0.9199982
19.892 , -0.9199982
19.893 , -0.9499969
19.894 , -0.9499969
19.895 , -0.9499969
19.897 , -0.9400024
19.898 , -0.9900055
19.899 , -0.9900055
19.9 , -0.9300003
19.902 , -0.9800034
19.903 , -0.9700012
19.904 , -0.9199982
19.905 , -0.9199982
19.906 , -0.9199982
19.908 , -0.909996
19.909 , -0.909996
19.91 , -0.9000015
19.911 , -0.9500046
19.912 , -0.9500046
19.914 , -0.9400024
19.915 , -0.9400024
19.916 , -0.9599991
19.917 , -0.9300003
19.918 , -0.9499969
19.92 , -0.9400024
19.921 , -0.9900055
19.922 , -0.9400024
19.923 , -0.9900055
19.924 , -0.9300003
19.925 , -0.9800034
19.927 , -0.9199982
19.928 , -0.9199982
19.929 , -0.9700012
19.93 , -0.909996
19.932 , -0.9599991
19.933 , -0.9599991
19.934 , -0.9500046
19.935 , -0.9700012
19.936 , -0.9500046
19.938 , -0.9599991
19.939 , -0.9400024
19.94 , -0.9300003
19.941 , -0.9499969
19.942 , -0.9300003
19.944 , -0.9200058
19.945 , -0.9400024
19.946 , -0.9200058
19.947 , -0.9300003
19.948 , -0.9100037
19.95 , -0.9000015
19.951 , -0.9700012
19.952 , -0.9199982
19.953 , -0.9199982
19.954 , -0.9599991
19.956 , -0.909996
19.957 , -0.9500046
19.958 , -0.9500046
19.959 , -0.9000015
19.96 , -0.9400024
19.962 , -0.9400024
19.963 , -0.8899994
19.964 , -0.8799973
19.965 , -0.9300003
19.966 , -0.9300003
19.968 , -0.9199982
19.969 , -0.8699951
19.97 , -0.9100037
19.971 , -0.9100037
19.973 , -0.9100037
19.974 , -0.9000015
19.975 , -0.9000015
19.976 , -0.9199982
19.977 , -0.909996
19.979 , -0.909996
19.98 , -0.8800049
19.981 , -0.9000015
19.982 , -0.9000015
19.983 , -0.9000015
19.984 , -0.8700027
19.986 , -0.8899994
19.987 , -0.8600006
19.988 , -0.8600006
19.989 , -0.8600006
19.991 , -0.8699951
19.992 , -0.8499985
19.993 , -0.8499985
19.994 , -0.8600006
19.995 , -0.8800049
19.997 , -0.8499985
19.998 , -0.8700027
19.999 , -0.8499985
20.0 , -0.8399963
20.002 , -0.8600006
20.003 , -0.8399963
20.004 , -0.8300018
20.005 , -0.8300018
20.006 , -0.8300018
20.007 , -0.8899994
20.009 , -0.840004
20.01 , -0.9100037
20.011 , -0.8799973
20.012 , -0.8799973
20.013 , -0.9000015
20.014 , -0.8699951
20.016 , -0.8899994
20.017 , -0.8600006
20.018 , -0.8600006
20.019 , -0.8800049
20.02 , -0.8600006
20.021 , -0.8499985
20.023 , -0.8499985
20.024 , -0.8600006
20.025 , -0.8399963
20.026 , -0.8600006
20.027 , -0.8300018
20.029 , -0.8500061
20.03 , -0.8500061
20.031 , -0.840004
20.032 , -0.8899994
20.033 , -0.840004
20.034 , -0.8799973
20.036 , -0.8300018
20.037 , -0.8699951
20.038 , -0.8699951
20.039 , -0.8699951
20.04 , -0.8699951
20.042 , -0.8100052
20.043 , -0.8800049
20.044 , -0.8499985
20.045 , -0.8000031
20.046 , -0.8499985
20.047 , -0.8399963
20.049 , -0.7900009
20.05 , -0.7900009
20.051 , -0.7799988
20.052 , -0.8299942
20.053 , -0.8299942
20.055 , -0.840004
20.056 , -0.840004
20.057 , -0.8300018
20.058 , -0.8099976
20.059 , -0.8300018
20.06 , -0.8099976
20.062 , -0.8199997
20.063 , -0.8199997
20.064 , -0.7900009
20.065 , -0.7900009
20.066 , -0.7900009
20.068 , -0.7799988
20.069 , -0.7799988
20.07 , -0.7799988
20.071 , -0.7900009
20.073 , -0.7900009
20.074 , -0.7799988
20.075 , -0.7799988
20.076 , -0.7799988
20.077 , -0.75
20.079 , -0.7700043
20.08 , -0.75
20.081 , -0.7799988
20.082 , -0.7600021
20.083 , -0.7600021
20.084 , -0.75
20.086 , -0.75
20.087 , -0.75
20.088 , -0.7400055
20.089 , -0.7200012
20.09 , -0.7200012
20.091 , -0.7300034
20.092 , -0.7099991
20.094 , -0.7200012
20.095 , -0.6999969
20.096 , -0.6999969
20.097 , -0.7200012
20.098 , -0.7099991
20.1 , -0.7099991
20.101 , -0.7000046
20.102 , -0.6800003
20.103 , -0.6300049
20.104 , -0.6699982
20.105 , -0.6200027
20.107 , -0.5999985
20.108 , -0.5400009
20.109 , -0.5899963
20.11 , -0.5400009
20.111 , -0.5100021
20.112 , -0.5100021
20.114 , -0.5
20.115 , -0.4800034
20.116 , -0.4300003
20.117 , -0.4300003
20.118 , -0.4000015
20.119 , -0.3499985
20.12 , -0.3499985
20.122 , -0.3199997
20.123 , -0.2699966
20.124 , -0.2400055
20.125 , -0.1700058
20.126 , -0.1500015
20.128 , -0.09000397
20.129 , -0.06999969
20.13 , -0.06999969
20.132 , 0.01000214
20.133 , 0.02999878
20.135 , 0.1100006
20.136 , 0.1600037
20.137 , 0.2000046
20.138 , 0.2599945
20.139 , 0.2599945
20.14 , 0.3499985
20.142 , 0.3799973
20.143 , 0.4300003
20.144 , 0.5100021
20.145 , 0.5100021
20.146 , 0.6000061
20.147 , 0.6000061
20.149 , 0.6299973
20.15 , 0.6999969
20.151 , 0.7600021
20.152 , 0.7799988
20.153 , 0.8700027
20.155 , 0.8800049
20.156 , 0.9500046
20.157 , 0.9700012
20.158 , 1.030006
20.159 , 1.050003
20.16 , 1.140007
20.161 , 1.220001
20.163 , 1.239998
20.164 , 1.309998
20.165 , 1.370003
20.166 , 1.389999
20.167 , 1.480003
20.168 , 1.490005
20.169 , 1.540001
20.171 , 1.57
20.172 , 1.639999
20.173 , 1.639999
20.174 , 1.709999
20.175 , 1.720001
20.176 , 1.739998
20.178 , 1.82
20.179 , 1.840004
20.18 , 1.889999
20.181 , 1.970001
20.182 , 1.990005
20.183 , 2.010002
20.185 , 2.019997
20.186 , 2.019997
20.187 , 2.07
20.188 , 2.099998
20.189 , 2.099998
20.191 , 2.110001
20.192 , 2.110001
20.193 , 2.110001
20.194 , 2.090004
20.195 , 2.119995
20.196 , 2.099998
20.198 , 2.110001
20.199 , 2.110001
20.2 , 2.110001
20.201 , 2.139999
20.202 , 2.120003
20.203 , 2.120003
20.204 , 2.120003
20.206 , 2.200005
20.207 , 2.150002
20.208 , 2.139999
20.209 , 2.089996
20.21 , 2.089996
20.211 , 2.080002
20.212 , 2.080002
20.214 , 2.080002
20.215 , 2.020004
20.216 , 2.020004
20.217 , 2.0
20.218 , 2.010002
20.219 , 2.010002
20.22 , 1.960007
20.221 , 1.970001
20.223 , 2.019997
20.224 , 1.949997
20.225 , 1.940002
20.226 , 1.959999
20.227 , 1.940002
20.228 , 1.950005
20.23 , 1.950005
20.231 , 1.909996
20.232 , 1.889999
20.233 , 1.889999
20.234 , 1.82
20.235 , 1.830002
20.237 , 1.830002
20.238 , 1.790001
20.239 , 1.790001
20.24 , 1.770004
20.241 , 1.770004
20.242 , 1.780006
20.243 , 1.760002
20.245 , 1.769997
20.246 , 1.720001
20.247 , 1.769997
20.248 , 1.730003
20.249 , 1.709999
20.25 , 1.660004
20.251 , 1.660004
20.253 , 1.650002
20.254 , 1.630005
20.255 , 1.659996
20.256 , 1.589996
20.257 , 1.589996
20.259 , 1.580002
20.26 , 1.529999
20.261 , 1.489998
20.262 , 1.520004
20.263 , 1.450005
20.264 , 1.5
20.266 , 1.510002
20.267 , 1.460007
20.268 , 1.449997
20.269 , 1.449997
20.27 , 1.379997
20.271 , 1.360001
20.273 , 1.32
20.274 , 1.370003
20.275 , 1.310005
20.276 , 1.310005
20.277 , 1.240005
20.278 , 1.25
20.279 , 1.25
20.281 , 1.229996
20.282 , 1.239998
20.283 , 1.189995
20.284 , 1.189995
20.285 , 1.18
20.286 , 1.18
20.288 , 1.120003
20.289 , 1.170006
20.29 , 1.190002
20.291 , 1.120003
20.292 , 1.110001
20.293 , 1.110001
20.295 , 1.050003
20.296 , 1.050003
20.297 , 1.0
20.298 , 1.010002
20.299 , 1.010002
20.3 , 0.9899979
20.301 , 0.9899979
20.303 , 0.9800034
20.304 , 1.0
20.305 , 0.9899979
20.306 , 0.9899979
20.307 , 0.9899979
20.308 , 0.9300003
20.31 , 0.9300003
20.311 , 0.8799973
20.312 , 0.8700027
20.313 , 0.8700027
20.314 , 0.8500061
20.315 , 0.8600006
20.317 , 0.8600006
20.318 , 0.7899933
20.319 , 0.8199997
20.32 , 0.7999954
20.321 , 0.75
20.323 , 0.7600021
20.324 , 0.7399979
20.325 , 0.75
20.326 , 0.7700043
20.327 , 0.7300034
20.328 , 0.6600037
20.329 , 0.6699982
20.331 , 0.6199951
20.332 , 0.6299973
20.333 , 0.6100006
20.334 , 0.5599976
20.335 , 0.5699997
20.337 , 0.5500031
20.338 , 0.5500031
20.339 , 0.5399933
20.34 , 0.5399933
20.341 , 0.4899979
20.343 , 0.4799957
20.344 , 0.4799957
20.345 , 0.4899979
20.346 , 0.4400024
20.347 , 0.4400024
20.348 , 0.4199982
20.35 , 0.4500046
20.351 , 0.4100037
20.352 , 0.3699951
20.353 , 0.3499985
20.354 , 0.3499985
20.356 , 0.3600006
20.357 , 0.3600006
20.358 , 0.2399979
20.359 , 0.3000031
20.36 , 0.3000031
20.361 , 0.25
20.362 , 0.2599945
20.364 , 0.2399979
20.365 , 0.25
20.366 , 0.2699966
20.367 , 0.2299957
20.368 , 0.2299957
20.37 , 0.2399979
20.371 , 0.1900024
20.372 , 0.1800003
20.373 , 0.1800003
20.374 , 0.1300049
20.375 , 0.1399994
20.377 , 0.1899948
20.378 , 0.1199951
20.379 , 0.1299973
20.38 , 0.1100006
20.381 , 0.1299973
20.382 , 0.1399994
20.384 , 0.1200027
20.385 , 0.1300049
20.386 , 0.1300049
20.387 , 0.1300049
20.388 , 0.08000183
20.39 , 0.08999634
20.391 , 0.06999969
20.393 , 0.08000183
20.394 , 0.02999878
20.395 , 0.02999878
20.397 , 0.02000427
20.398 , 0.02000427
20.399 , 0.02999878
20.401 , 0.02999878
20.402 , 0.01999664
20.404 , 0.01999664
20.405 , 0.01999664
20.406 , 0.05000305
20.408 , 0.02999878
20.409 , 0.04000092
20.41 , -0.02999878
20.412 , 0.0
20.413 , 0.0
20.414 , -0.02000427
20.415 , -0.06999969
20.417 , -0.1299973
20.418 , -0.05999756
20.419 , -0.1199951
20.421 , -0.04999542
20.422 , -0.04000092
20.423 , -0.06000519
20.425 , -0.1100006
20.426 , -0.09999847
20.427 , -0.09999847
20.429 , -0.1100006
20.43 , -0.08999634
20.431 , -0.08999634
20.433 , -0.09999847
20.434 , -0.09999847
20.435 , -0.1699982
20.437 , -0.1100006
20.438 , -0.1100006
20.439 , -0.09999847
20.44 , -0.1500015
20.442 , -0.08999634
20.443 , -0.08999634
20.444 , -0.08999634
20.446 , -0.08000183
20.447 , -0.08000183
20.448 , -0.1300049
20.458 , -0.1699982
20.459 , -0.1600037
20.46 , -0.1600037
20.461 , -0.1800003
20.462 , -0.1699982
20.464 , -0.1699982
20.465 , -0.1500015
20.466 , -0.159996
20.467 , -0.159996
20.468 , -0.159996
20.469 , -0.1499939
20.471 , -0.1499939
20.472 , -0.2199936
20.473 , -0.2099991
20.474 , -0.2099991
20.475 , -0.2099991
20.477 , -0.1999969
20.478 , -0.1999969
20.479 , -0.2599945
20.48 , -0.2599945
20.481 , -0.2599945
20.483 , -0.25
20.484 , -0.2700043
20.485 , -0.1800003
20.486 , -0.2600021
20.487 , -0.2600021
20.488 , -0.2399979
20.49 , -0.2699966
20.491 , -0.25
20.492 , -0.25
20.493 , -0.2599945
20.494 , -0.3099976
20.496 , -0.3199997
20.497 , -0.3000031
20.498 , -0.3000031
20.499 , -0.2900009
20.5 , -0.3099976
20.501 , -0.2900009
20.503 , -0.3499985
20.504 , -0.2999954
20.505 , -0.2999954
20.506 , -0.340004
20.507 , -0.3600006
20.509 , -0.3300018
20.51 , -0.3300018
20.511 , -0.3499985
20.512 , -0.3899994
20.513 , -0.3799973
20.515 , -0.3799973
20.516 , -0.3999939
20.517 , -0.4199982
20.518 , -0.3999939
20.519 , -0.4100037
20.521 , -0.4100037
20.522 , -0.4100037
20.523 , -0.3799973
20.524 , -0.3499985
20.525 , -0.3799973
20.526 , -0.3699951
20.528 , -0.3899994
20.529 , -0.3600006
20.53 , -0.3800049
20.531 , -0.4500046
20.532 , -0.4500046
20.534 , -0.4199982
20.535 , -0.4400024
20.536 , -0.4700012
20.537 , -0.4700012
20.538 , -0.5
20.539 , -0.4899979
20.541 , -0.4899979
20.542 , -0.4899979
20.543 , -0.4800034
20.544 , -0.5
20.545 , -0.5
20.546 , -0.4899979
20.548 , -0.4899979
20.549 , -0.4799957
20.55 , -0.5299988
20.551 , -0.5499954
20.553 , -0.5399933
20.554 , -0.5399933
20.555 , -0.5799942
20.556 , -0.5699997
20.557 , -0.5999985
20.559 , -0.5699997
20.56 , -0.5899963
20.561 , -0.5899963
20.562 , -0.6299973
20.563 , -0.6199951
20.565 , -0.6199951
20.566 , -0.6100006
20.567 , -0.5699997
20.568 , -0.6399994
20.569 , -0.6399994
20.571 , -0.6500015
20.572 , -0.7000046
20.573 , -0.6900024
20.574 , -0.6900024
20.575 , -0.7099991
20.577 , -0.6999969
20.578 , -0.7399979
20.579 , -0.7399979
20.58 , -0.7300034
20.582 , -0.7600021
20.583 , -0.7200012
20.584 , -0.75
20.585 , -0.75
20.586 , -0.7599945
20.587 , -0.7099991
20.589 , -0.8099976
20.59 , -0.8000031
20.591 , -0.8000031
20.592 , -0.8199997
20.593 , -0.8099976
20.594 , -0.8099976
20.596 , -0.8399963
20.597 , -0.7999954
20.598 , -0.8700027
20.599 , -0.8700027
20.601 , -0.8799973
20.602 , -0.8600006
20.603 , -0.8700027
20.604 , -0.8500061
20.605 , -0.8700027
20.606 , -0.8600006
20.608 , -0.8600006
20.609 , -0.9100037
20.61 , -0.9000015
20.611 , -0.9199982
20.612 , -0.9199982
20.614 , -0.9500046
20.615 , -0.9500046
20.616 , -0.9400024
20.617 , -0.9700012
20.618 , -0.9400024
20.619 , -1.010002
20.62 , -0.9599991
20.622 , -0.9599991
20.623 , -0.9499969
20.624 , -0.9899979
20.625 , -0.9499969
20.626 , -1.010002
20.628 , -0.9800034
20.629 , -1.010002
20.63 , -1.0
20.631 , -1.0
20.632 , -1.0
20.633 , -0.9899979
20.635 , -1.049995
20.636 , -1.049995
20.637 , -1.039993
20.638 , -1.0
20.639 , -1.0
20.64 , -1.029999
20.642 , -1.080002
20.643 , -1.07
20.644 , -1.07
20.645 , -1.019997
20.646 , -1.07
20.648 , -1.059998
20.649 , -1.110001
20.65 , -1.050003
20.651 , -1.100006
20.652 , -1.100006
20.653 , -1.090004
20.655 , -1.090004
20.656 , -1.110001
20.657 , -1.099998
20.658 , -1.099998
20.659 , -1.119995
20.66 , -1.109993
20.662 , -1.089996
20.663 , -1.060005
20.664 , -1.099998
20.665 , -1.080002
20.666 , -1.150002
20.667 , -1.089996
20.669 , -1.089996
20.67 , -1.079994
20.671 , -1.129997
20.672 , -1.079994
20.673 , -1.120003
20.674 , -1.140007
20.676 , -1.140007
20.677 , -1.130005
20.678 , -1.130005
20.679 , -1.110001
20.68 , -1.120003
20.681 , -1.120003
20.682 , -1.120003
20.684 , -1.089996
20.685 , -1.110001
20.686 , -1.110001
20.687 , -1.100006
20.688 , -1.100006
20.689 , -1.100006
20.691 , -1.090004
20.692 , -1.139999
20.693 , -1.129997
20.694 , -1.129997
20.695 , -1.129997
20.697 , -1.070007
20.698 , -1.120003
20.699 , -1.120003
20.7 , -1.110001
20.701 , -1.130005
20.702 , -1.110001
20.703 , -1.099998
20.705 , -1.120003
20.706 , -1.120003
20.707 , -1.089996
20.708 , -1.129997
20.709 , -1.110001
20.71 , -1.100006
20.712 , -1.100006
20.713 , -1.120003
20.714 , -1.090004
20.715 , -1.110001
20.716 , -1.110001
20.717 , -1.099998
20.719 , -1.080002
20.72 , -1.089996
20.721 , -1.089996
20.722 , -1.089996
20.723 , -1.07
20.725 , -1.080002
20.726 , -1.080002
20.727 , -1.07
20.728 , -1.050003
20.729 , -1.07
20.73 , -1.059998
20.732 , -1.059998
20.733 , -1.110001
20.734 , -1.100006
20.735 , -1.100006
20.736 , -1.100006
20.737 , -1.090004
20.739 , -1.110001
20.74 , -1.080002
20.741 , -1.029999
20.742 , -1.080002
20.743 , -1.029999
20.744 , -1.07
20.746 , -1.019997
20.747 , -1.060005
20.748 , -1.060005
20.749 , -1.010002
20.75 , -1.050003
20.751 , -1.0
20.752 , -1.050003
20.754 , -1.040001
20.755 , -1.040001
20.756 , -1.040001
20.757 , -0.9800034
20.758 , -1.050003
20.759 , -1.030006
20.76 , -1.040001
20.762 , -1.040001
20.763 , -1.040001
20.764 , -1.010002
20.765 , -1.010002
20.766 , -1.029999
20.767 , -1.019997
20.769 , -1.0
20.77 , -1.010002
20.771 , -1.010002
20.772 , -1.060005
20.773 , -1.060005
20.774 , -1.0
20.775 , -1.050003
20.777 , -1.040001
20.778 , -1.040001
20.779 , -1.040001
20.78 , -1.030006
20.781 , -0.9800034
20.782 , -0.9800034
20.784 , -1.020004
20.785 , -1.020004
20.786 , -0.9700012
20.787 , -1.010002
20.788 , -1.010002
20.789 , -1.010002
20.791 , -1.0
20.792 , -1.0
20.793 , -1.0
20.794 , -0.9900055
20.795 , -0.9900055
20.796 , -1.010002
20.797 , -1.0
20.799 , -1.050003
20.8 , -1.0
20.801 , -0.9899979
20.802 , -0.9700012
20.803 , -0.9899979
20.804 , -0.9799957
20.806 , -0.9799957
20.807 , -0.9700012
20.808 , -0.9500046
20.809 , -0.9700012
20.81 , -0.9700012
20.812 , -0.9599991
20.813 , -1.029999
20.814 , -1.019997
20.815 , -0.9499969
20.816 , -0.9499969
20.818 , -1.010002
20.819 , -0.9900055
20.82 , -0.9400024
20.821 , -0.9300003
20.822 , -0.9800034
20.823 , -0.9300003
20.825 , -0.9199982
20.826 , -0.9199982
20.827 , -0.909996
20.828 , -0.9599991
20.83 , -0.9599991
20.831 , -0.8800049
20.832 , -0.9000015
20.833 , -0.9500046
20.834 , -0.9400024
20.835 , -0.9599991
20.837 , -0.9300003
20.838 , -0.9499969
20.839 , -0.9499969
20.84 , -0.9300003
20.841 , -0.9200058
20.843 , -0.9200058
20.844 , -0.9100037
20.845 , -0.8600006
20.846 , -0.8600006
20.847 , -0.8499985
20.849 , -0.8300018
20.85 , -0.8300018
20.851 , -0.8199997
20.852 , -0.8199997
20.853 , -0.8199997
20.855 , -0.7600021
20.856 , -0.8100052
20.857 , -0.75
20.858 , -0.7300034
20.859 , -0.7300034
20.86 , -0.6800003
20.862 , -0.6299973
20.863 , -0.5800018
20.864 , -0.5700073
20.865 , -0.5
20.866 , -0.5
20.867 , -0.4800034
20.868 , -0.4500046
20.87 , -0.4500046
20.871 , -0.3899994
20.872 , -0.3399963
20.873 , -0.3000031
20.874 , -0.2699966
20.876 , -0.2399979
20.877 , -0.1999969
20.878 , -0.1200027
20.879 , -0.05000305
20.881 , -0.04000092
20.882 , 0.01000214
20.883 , 0.05000305
20.885 , 0.1500015
20.886 , 0.1500015
20.887 , 0.2200012
20.888 , 0.2300034
20.889 , 0.3500061
20.89 , 0.3500061
20.892 , 0.4300003
20.893 , 0.4700012
20.894 , 0.4800034
20.895 , 0.5500031
20.896 , 0.5999985
20.897 , 0.6600037
20.899 , 0.7200012
20.9 , 0.7400055
20.901 , 0.7799988
20.902 , 0.8899994
20.903 , 0.909996
20.905 , 0.9700012
20.906 , 1.010002
20.907 , 1.150002
20.908 , 1.160004
20.909 , 1.230003
20.91 , 1.230003
20.912 , 1.260002
20.913 , 1.330002
20.914 , 1.360001
20.915 , 1.409996
20.916 , 1.479996
20.917 , 1.5
20.918 , 1.559998
20.92 , 1.580002
20.921 , 1.660004
20.922 , 1.660004
20.923 , 1.730003
20.924 , 1.759995
20.925 , 1.829994
20.927 , 1.829994
20.928 , 1.839996
20.929 , 1.909996
20.93 , 1.860001
20.931 , 1.870003
20.932 , 1.919998
20.934 , 1.93
20.935 , 1.93
20.936 , 1.950005
20.937 , 1.950005
20.938 , 1.959999
20.939 , 1.979996
20.941 , 1.989998
20.942 , 1.989998
20.943 , 1.949997
20.944 , 1.970001
20.945 , 2.0
20.947 , 2.0
20.948 , 2.009995
20.949 , 1.989998
20.95 , 1.989998
20.951 , 1.979996
20.953 , 1.979996
20.954 , 2.0
20.955 , 1.989998
20.956 , 2.010002
20.957 , 1.940002
20.958 , 1.950005
20.96 , 1.93
20.961 , 1.939995
20.962 , 1.959999
20.963 , 1.939995
20.964 , 1.959999
20.966 , 1.970001
20.967 , 1.949997
20.968 , 1.910004
20.969 , 1.959999
20.97 , 1.889999
20.971 , 1.880005
20.973 , 1.900002
20.974 , 1.880005
20.975 , 1.889999
20.976 , 1.839996
20.977 , 1.889999
20.979 , 1.830002
20.98 , 1.830002
20.981 , 1.840004
20.982 , 1.840004
20.983 , 1.790001
20.984 , 1.790001
20.986 , 1.779999
20.987 , 1.799995
20.988 , 1.769997
20.989 , 1.769997
20.99 , 1.720001
20.992 , 1.730003
20.993 , 1.730003
20.994 , 1.709999
20.995 , 1.720001
20.996 , 1.670006
20.997 , 1.650002
20.999 , 1.610001
21.0 , 1.610001
21.001 , 1.599998
21.002 , 1.599998
21.003 , 1.599998
21.004 , 1.599998
21.006 , 1.610001
21.007 , 1.540001
21.008 , 1.549995
21.009 , 1.549995
21.01 , 1.479996
21.011 , 1.489998
21.013 , 1.489998
21.014 , 1.470001
21.015 , 1.5
21.016 , 1.459999
21.017 , 1.410004
21.018 , 1.420006
21.019 , 1.330002
21.021 , 1.350006
21.022 , 1.360001
21.023 , 1.339996
21.024 , 1.339996
21.025 , 1.330002
21.026 , 1.279999
21.027 , 1.279999
21.029 , 1.340004
21.03 , 1.270004
21.031 , 1.220001
21.032 , 1.279999
21.033 , 1.229996
21.034 , 1.209999
21.036 , 1.150002
21.037 , 1.150002
21.038 , 1.160004
21.039 , 1.139999
21.04 , 1.090004
21.041 , 1.090004
21.042 , 1.080002
21.044 , 1.100006
21.045 , 1.110001
21.046 , 1.089996
21.047 , 1.019997
21.048 , 1.059998
21.049 , 1.029999
21.051 , 1.029999
21.052 , 1.020004
21.053 , 1.020004
21.054 , 1.020004
21.055 , 0.9600067
21.056 , 0.9600067
21.057 , 0.9200058
21.058 , 0.9300003
21.06 , 0.9700012
21.061 , 0.9000015
21.062 , 0.9100037
21.063 , 0.8700027
21.064 , 0.9100037
21.065 , 0.8800049
21.067 , 0.8500061
21.068 , 0.8399963
21.069 , 0.8600006
21.07 , 0.8399963
21.071 , 0.7699966
21.073 , 0.7999954
21.074 , 0.7399979
21.075 , 0.7200012
21.076 , 0.6500015
21.077 , 0.7000046
21.079 , 0.7300034
21.08 , 0.6600037
21.081 , 0.640007
21.082 , 0.6500015
21.083 , 0.6100006
21.084 , 0.6100006
21.085 , 0.5899963
21.087 , 0.5899963
21.088 , 0.5999985
21.089 , 0.5800018
21.09 , 0.5800018
21.091 , 0.5299988
21.093 , 0.5199966
21.094 , 0.4799957
21.095 , 0.4899979
21.096 , 0.4599991
21.097 , 0.4899979
21.099 , 0.4700012
21.1 , 0.4000015
21.101 , 0.4300003
21.102 , 0.4100037
21.103 , 0.4100037
21.104 , 0.4100037
21.105 , 0.3999939
21.107 , 0.3600006
21.108 , 0.3600006
21.109 , 0.3700027
21.11 , 0.3199997
21.111 , 0.3199997
21.112 , 0.3300018
21.114 , 0.2799988
21.115 , 0.2899933
21.116 , 0.2699966
21.117 , 0.2699966
21.126 , 0.2300034
21.127 , 0.2099991
21.129 , 0.2399979
21.13 , 0.2199936
21.131 , 0.1699982
21.132 , 0.1800003
21.133 , 0.1399994
21.135 , 0.1500015
21.136 , 0.1900024
21.137 , 0.1699982
21.138 , 0.1699982
21.139 , 0.1600037
21.141 , 0.1600037
21.142 , 0.1899948
21.143 , 0.1899948
21.144 , 0.1699982
21.145 , 0.1999969
21.146 , 0.1999969
21.148 , 0.1299973
21.149 , 0.1900024
21.15 , 0.1900024
21.151 , 0.1399994
21.152 , 0.1299973
21.154 , 0.1299973
21.155 , 0.1399994
21.156 , 0.1399994
21.157 , 0.1399994
21.158 , 0.1399994
21.16 , 0.09999847
21.161 , 0.09999847
21.162 , 0.1600037
21.164 , 0.1100006
21.165 , 0.1199951
21.166 , 0.1199951
21.167 , 0.1199951
21.168 , 0.09999847
21.17 , 0.1100006
21.171 , 0.1100006
21.172 , 0.1200027
21.173 , 0.1200027
21.174 , 0.06999969
21.176 , 0.05999756
21.177 , 0.05999756
21.178 , 0.05999756
21.18 , 0.06999969
21.181 , 0.04999542
21.183 , 0.08000183
21.184 , 0.01000214
21.185 , 0.05999756
21.187 , 0.06999969
21.188 , 0.06999969
21.19 , 0.02999878
21.191 , 0.02999878
21.192 , 0.04000092
21.194 , 0.01999664
21.195 , 0.04000092
21.196 , 0.05000305
21.198 , 0.02999878
21.199 , 0.03999329
21.201 , -0.01000214
21.202 , 0.0
21.203 , 0.0
21.204 , 0.0
21.205 , 0.0
21.207 , 0.01000214
21.208 , 0.01000214
21.209 , 0.0
21.21 , 0.0
21.211 , 0.0
21.213 , 0.009994507
21.214 , -0.01000214
21.215 , -0.01000214
21.217 , -0.05000305
21.218 , -0.05000305
21.219 , -0.04000092
21.221 , -0.04000092
21.222 , -0.02999878
21.224 , -0.04999542
21.225 , -0.04999542
21.226 , -0.09000397
21.228 , -0.09000397
21.229 , -0.02999878
21.23 , -0.02999878
21.232 , -0.06999969
21.233 , -0.06999969
21.235 , -0.08999634
21.236 , -0.1200027
21.237 , -0.08000183
21.239 , -0.1399994
21.24 , -0.1100006
21.241 , -0.1399994
21.242 , -0.1299973
21.243 , -0.1500015
21.244 , -0.1299973
21.246 , -0.1399994
21.247 , -0.1899948
21.248 , -0.1399994
21.249 , -0.1800003
21.25 , -0.1800003
21.252 , -0.1900024
21.253 , -0.2300034
21.254 , -0.1900024
21.255 , -0.2300034
21.256 , -0.2200012
21.257 , -0.2200012
21.258 , -0.25
21.26 , -0.2400055
21.261 , -0.2600021
21.262 , -0.2400055
21.263 , -0.25
21.264 , -0.3000031
21.265 , -0.25
21.267 , -0.2900009
21.268 , -0.2399979
21.269 , -0.2799988
21.27 , -0.3399963
21.271 , -0.2999954
21.273 , -0.2900009
21.274 , -0.3300018
21.275 , -0.3300018
21.276 , -0.3199997
21.277 , -0.3499985
21.279 , -0.3399963
21.28 , -0.3600006
21.281 , -0.3600006
21.282 , -0.3600006
21.283 , -0.3500061
21.284 , -0.3500061
21.285 , -0.3500061
21.287 , -0.340004
21.288 , -0.340004
21.289 , -0.4000015
21.29 , -0.3799973
21.291 , -0.4000015
21.292 , -0.4000015
21.294 , -0.4300003
21.295 , -0.4300003
21.296 , -0.4200058
21.297 , -0.4500046
21.298 , -0.4500046
21.299 , -0.4800034
21.301 , -0.4400024
21.302 , -0.4800034
21.303 , -0.4300003
21.304 , -0.5
21.305 , -0.4700012
21.306 , -0.4599991
21.307 , -0.5099945
21.309 , -0.4800034
21.31 , -0.4800034
21.311 , -0.5500031
21.312 , -0.5500031
21.313 , -0.5400009
21.314 , -0.5599976
21.316 , -0.5499954
21.317 , -0.5899963
21.318 , -0.5899963
21.319 , -0.5800018
21.32 , -0.6300049
21.322 , -0.6100006
21.323 , -0.5999985
21.324 , -0.6200027
21.325 , -0.6200027
21.326 , -0.659996
21.328 , -0.6100006
21.329 , -0.5999985
21.33 , -0.6499939
21.331 , -0.6699982
21.332 , -0.6499939
21.334 , -0.6600037
21.335 , -0.7300034
21.336 , -0.6900024
21.337 , -0.7399979
21.338 , -0.7200012
21.339 , -0.7399979
21.341 , -0.7099991
21.342 , -0.7299957
21.343 , -0.7200012
21.344 , -0.7900009
21.345 , -0.7200012
21.347 , -0.7600021
21.348 , -0.7799988
21.349 , -0.7799988
21.35 , -0.7699966
21.351 , -0.8099976
21.353 , -0.7999954
21.354 , -0.8299942
21.355 , -0.8299942
21.356 , -0.8199997
21.357 , -0.8600006
21.358 , -0.8600006
21.36 , -0.8799973
21.361 , -0.8499985
21.362 , -0.8499985
21.363 , -0.8399963
21.364 , -0.8699951
21.366 , -0.8800049
21.367 , -0.8800049
21.368 , -0.8800049
21.369 , -0.8800049
21.37 , -0.8700027
21.372 , -0.9100037
21.373 , -0.9300003
21.374 , -0.9300003
21.375 , -0.9700012
21.376 , -0.9599991
21.377 , -0.9599991
21.379 , -0.9899979
21.38 , -0.9500046
21.381 , -0.9500046
21.382 , -0.9800034
21.383 , -0.9700012
21.385 , -0.9700012
21.386 , -0.9799957
21.387 , -0.9799957
21.388 , -0.9599991
21.389 , -0.9799957
21.391 , -1.009995
21.392 , -0.9699936
21.393 , -1.0
21.394 , -1.0
21.395 , -1.029999
21.397 , -1.019997
21.398 , -1.019997
21.399 , -1.019997
21.4 , -1.049995
21.401 , -1.049995
21.403 , -1.0
21.404 , -1.0
21.405 , -1.040001
21.406 , -1.029999
21.407 , -1.029999
21.408 , -1.029999
21.41 , -1.019997
21.411 , -1.049995
21.412 , -1.049995
21.413 , -1.079994
21.414 , -1.039993
21.415 , -1.079994
21.417 , -1.090004
21.418 , -1.090004
21.419 , -1.07
21.42 , -1.080002
21.421 , -1.080002
21.422 , -1.080002
21.424 , -1.049995
21.425 , -1.07
21.426 , -1.049995
21.427 , -1.060005
21.428 , -1.060005
21.429 , -1.060005
21.431 , -1.120003
21.432 , -1.080002
21.433 , -1.07
21.434 , -1.110001
21.435 , -1.139999
21.436 , -1.139999
21.438 , -1.099998
21.439 , -1.129997
21.44 , -1.090004
21.441 , -1.120003
21.442 , -1.120003
21.443 , -1.110001
21.445 , -1.110001
21.446 , -1.110001
21.447 , -1.099998
21.448 , -1.139999
21.449 , -1.099998
21.451 , -1.090004
21.452 , -1.060005
21.453 , -1.080002
21.454 , -1.120003
21.455 , -1.080002
21.456 , -1.080002
21.457 , -1.110001
21.459 , -1.159996
21.46 , -1.099998
21.461 , -1.059998
21.462 , -1.059998
21.463 , -1.050003
21.465 , -1.050003
21.466 , -1.050003
21.467 , -1.080002
21.468 , -1.080002
21.469 , -1.080002
21.47 , -1.07
21.472 , -1.07
21.473 , -1.019997
21.474 , -1.059998
21.475 , -1.059998
21.476 , -1.109993
21.478 , -1.099998
21.479 , -1.080002
21.48 , -1.089996
21.481 , -1.089996
21.482 , -1.089996
21.483 , -1.029999
21.485 , -1.079994
21.486 , -1.029999
21.487 , -1.050003
21.488 , -1.07
21.489 , -1.07
21.49 , -1.059998
21.492 , -1.059998
21.493 , -1.059998
21.494 , -1.049995
21.495 , -1.089996
21.496 , -1.089996
21.498 , -1.109993
21.499 , -1.039993
21.5 , -1.07
21.501 , -1.099998
21.502 , -1.07
21.504 , -1.059998
21.505 , -1.059998
21.506 , -1.019997
21.507 , -1.009995
21.508 , -1.049995
21.509 , -1.049995
21.511 , -1.040001
21.512 , -1.07
21.513 , -1.07
21.514 , -1.059998
21.515 , -1.029999
21.517 , -1.049995
21.518 , -1.049995
21.519 , -1.049995
21.52 , -1.079994
21.521 , -1.039993
21.523 , -1.039993
21.524 , -1.07
21.525 , -1.0
21.526 , -1.029999
21.527 , -1.019997
21.528 , -1.019997
21.53 , -1.009995
21.531 , -1.049995
21.532 , -1.009995
21.533 , -1.009995
21.534 , -1.070007
21.535 , -1.040001
21.536 , -1.070007
21.538 , -1.060005
21.539 , -1.060005
21.54 , -1.050003
21.541 , -1.050003
21.542 , -1.019997
21.543 , -1.050003
21.544 , -1.009995
21.546 , -1.009995
21.547 , -1.0
21.548 , -1.0
21.549 , -1.030006
21.55 , -0.9899979
21.551 , -0.9899979
21.553 , -1.020004
21.554 , -0.9799957
21.555 , -1.010002
21.556 , -1.049995
21.557 , -1.089996
21.558 , -1.039993
21.56 , -1.029999
21.561 , -0.9900055
21.562 , -1.029999
21.563 , -0.9900055
21.564 , -1.019997
21.566 , -1.019997
21.567 , -1.009995
21.568 , -1.009995
21.569 , -0.9700012
21.57 , -1.009995
21.572 , -1.0
21.573 , -1.0
21.574 , -0.9899979
21.575 , -0.9899979
21.576 , -1.040001
21.577 , -0.9400024
21.579 , -1.029999
21.58 , -1.029999
21.581 , -0.9699936
21.582 , -0.9300003
21.583 , -1.019997
21.585 , -0.9599991
21.586 , -0.9200058
21.587 , -0.9499969
21.588 , -0.9100037
21.589 , -0.9499969
21.591 , -0.9000015
21.592 , -0.9399948
21.593 , -0.9000015
21.594 , -0.9300003
21.595 , -0.890007
21.597 , -0.9199982
21.598 , -0.8800049
21.599 , -0.8800049
21.6 , -0.8800049
21.601 , -0.8700027
21.603 , -0.8700027
21.604 , -0.8299942
21.605 , -0.8299942
21.606 , -0.7899933
21.607 , -0.8199997
21.609 , -0.75
21.61 , -0.8199997
21.611 , -0.7399979
21.612 , -0.6999969
21.613 , -0.6999969
21.615 , -0.6899948
21.616 , -0.6399994
21.617 , -0.6300049
21.618 , -0.590004
21.619 , -0.5600052
21.621 , -0.5500031
21.622 , -0.5100021
21.623 , -0.4599991
21.624 , -0.409996
21.625 , -0.3799973
21.626 , -0.3799973
21.628 , -0.2599945
21.629 , -0.2399979
21.63 , -0.2599945
21.631 , -0.2000046
21.632 , -0.1600037
21.634 , -0.08000183
21.635 , -0.08000183
21.636 , -0.05999756
21.638 , 0.05000305
21.639 , 0.09000397
21.64 , 0.1100006
21.642 , 0.1900024
21.643 , 0.2600021
21.644 , 0.2900009
21.645 , 0.3399963
21.646 , 0.3899994
21.648 , 0.4400024
21.649 , 0.5299988
21.65 , 0.5100021
21.651 , 0.6100006
21.652 , 0.6800003
21.653 , 0.7000046
21.655 , 0.7599945
21.656 , 0.8099976
21.657 , 0.8499985
21.658 , 0.8799973
21.659 , 0.9499969
21.661 , 1.029999
21.662 , 1.050003
21.663 , 1.099998
21.664 , 1.160004
21.665 , 1.220001
21.666 , 1.270004
21.667 , 1.290001
21.669 , 1.369995
21.67 , 1.389999
21.671 , 1.400002
21.672 , 1.470001
21.673 , 1.519997
21.674 , 1.550003
21.676 , 1.620003
21.677 , 1.690002
21.678 , 1.699997
21.679 , 1.719994
21.68 , 1.769997
21.682 , 1.82
21.683 , 1.82
21.684 , 1.900002
21.685 , 1.879997
21.686 , 1.879997
21.687 , 1.879997
21.689 , 1.889999
21.69 , 1.889999
21.691 , 1.919998
21.692 , 1.919998
21.693 , 1.970001
21.695 , 1.980003
21.696 , 1.980003
21.697 , 1.93
21.698 , 1.940002
21.699 , 1.919998
21.701 , 1.949997
21.702 , 1.949997
21.703 , 1.929993
21.704 , 1.959999
21.705 , 1.939995
21.706 , 1.939995
21.708 , 1.949997
21.709 , 1.949997
21.71 , 1.900002
21.711 , 1.910004
21.712 , 1.959999
21.714 , 1.919998
21.715 , 1.919998
21.716 , 1.899994
21.717 , 1.899994
21.718 , 1.889999
21.72 , 1.909996
21.721 , 1.919998
21.722 , 1.900002
21.723 , 1.849998
21.724 , 1.860001
21.725 , 1.840004
21.727 , 1.910004
21.728 , 1.849998
21.729 , 1.869995
21.73 , 1.869995
21.731 , 1.809998
21.733 , 1.790001
21.734 , 1.790001
21.735 , 1.800003
21.736 , 1.75
21.737 , 1.730003
21.738 , 1.739998
21.739 , 1.739998
21.741 , 1.729996
21.742 , 1.68
21.743 , 1.729996
21.744 , 1.68
21.745 , 1.690002
21.746 , 1.669998
21.748 , 1.75
21.749 , 1.68
21.75 , 1.68
21.751 , 1.639999
21.752 , 1.639999
21.753 , 1.619995
21.755 , 1.610001
21.756 , 1.610001
21.757 , 1.559998
21.758 , 1.57
21.759 , 1.550003
21.76 , 1.57
21.762 , 1.579994
21.763 , 1.559998
21.764 , 1.579994
21.765 , 1.519997
21.766 , 1.519997
21.768 , 1.510002
21.769 , 1.510002
21.77 , 1.470001
21.771 , 1.480003
21.772 , 1.43
21.773 , 1.43
21.774 , 1.380005
21.776 , 1.389999
21.777 , 1.389999
21.778 , 1.379997
21.779 , 1.379997
21.78 , 1.339996
21.782 , 1.349998
21.783 , 1.32
21.784 , 1.32
21.785 , 1.309998
21.786 , 1.309998
21.788 , 1.32
21.789 , 1.25
21.79 , 1.269997
21.791 , 1.260002
21.792 , 1.220001
21.793 , 1.220001
21.795 , 1.200005
21.796 , 1.200005
21.797 , 1.18
21.806 , 1.099998
21.807 , 1.139999
21.808 , 1.080002
21.81 , 1.110001
21.811 , 1.080002
21.812 , 1.049995
21.813 , 1.019997
21.814 , 1.019997
21.815 , 1.010002
21.817 , 0.9599991
21.818 , 0.9500046
21.819 , 1.020004
21.82 , 0.9500046
21.821 , 0.9100037
21.822 , 0.9199982
21.824 , 0.8899994
21.825 , 0.9000015
21.826 , 0.9000015
21.827 , 0.9000015
21.828 , 0.8899994
21.829 , 0.840004
21.831 , 0.8199997
21.832 , 0.8500061
21.833 , 0.8300018
21.834 , 0.7900009
21.835 , 0.6999969
21.837 , 0.75
21.838 , 0.7099991
21.839 , 0.7099991
21.84 , 0.6500015
21.841 , 0.7099991
21.843 , 0.7000046
21.844 , 0.6600037
21.845 , 0.6699982
21.846 , 0.6399994
21.847 , 0.6399994
21.848 , 0.6500015
21.85 , 0.6100006
21.851 , 0.5800018
21.852 , 0.5699997
21.853 , 0.590004
21.854 , 0.5299988
21.856 , 0.5800018
21.857 , 0.5100021
21.858 , 0.4799957
21.859 , 0.4799957
21.86 , 0.4499969
21.861 , 0.4499969
21.863 , 0.5299988
21.864 , 0.4899979
21.865 , 0.4700012
21.866 , 0.4700012
21.867 , 0.4700012
21.869 , 0.4599991
21.87 , 0.4199982
21.871 , 0.4599991
21.872 , 0.4300003
21.873 , 0.3600006
21.875 , 0.3700027
21.876 , 0.4100037
21.877 , 0.340004
21.878 , 0.3500061
21.879 , 0.3500061
21.88 , 0.3500061
21.882 , 0.3199997
21.883 , 0.3600006
21.884 , 0.3600006
21.885 , 0.3700027
21.886 , 0.3700027
21.887 , 0.3700027
21.889 , 0.3199997
21.89 , 0.3199997
21.891 , 0.3199997
21.892 , 0.3300018
21.893 , 0.2600021
21.895 , 0.2699966
21.896 , 0.3099976
21.897 , 0.3099976
21.898 , 0.2399979
21.9 , 0.2799988
21.901 , 0.25
21.902 , 0.2600021
21.903 , 0.2600021
21.904 , 0.2200012
21.905 , 0.2699966
21.907 , 0.2999954
21.908 , 0.2699966
21.909 , 0.2399979
21.91 , 0.2399979
21.911 , 0.1900024
21.913 , 0.2200012
21.914 , 0.2000046
21.915 , 0.2300034
21.916 , 0.1700058
21.917 , 0.140007
21.918 , 0.1700058
21.92 , 0.1800003
21.921 , 0.1800003
21.922 , 0.1900024
21.923 , 0.1600037
21.924 , 0.1900024
21.925 , 0.2400055
21.926 , 0.1700058
21.928 , 0.1700058
21.929 , 0.2099991
21.93 , 0.1800003
21.931 , 0.1800003
21.932 , 0.1900024
21.934 , 0.1900024
21.935 , 0.1299973
21.936 , 0.1600037
21.937 , 0.1600037
21.938 , 0.1299973
21.939 , 0.1399994
21.941 , 0.1399994
21.942 , 0.1499939
21.943 , 0.1499939
21.944 , 0.1499939
21.945 , 0.159996
21.947 , 0.159996
21.948 , 0.1200027
21.949 , 0.1699982
21.95 , 0.1699982
21.951 , 0.08000183
21.953 , 0.1399994
21.954 , 0.08999634
21.955 , 0.09999847
21.957 , 0.09999847
21.958 , 0.09999847
21.96 , 0.09000397
21.961 , 0.09000397
21.962 , 0.05000305
21.964 , 0.05000305
21.965 , 0.05000305
21.966 , 0.04000092
21.968 , 0.04000092
21.969 , 0.05000305
21.971 , 0.01000214
21.972 , 0.02000427
21.973 , -0.01000214
21.975 , -0.01000214
21.976 , -0.01999664
21.977 , -0.01999664
21.979 , -0.01000214
21.98 , -0.06000519
21.982 , 0.01999664
21.983 , 0.0
21.984 , 0.0
21.985 , -0.05000305
21.987 , -0.04000092
21.988 , -0.05999756
21.989 , -0.05000305
21.991 , -0.05000305
21.992 , -0.08000183
21.993 , -0.08000183
21.995 , -0.1100006
21.996 , -0.06999969
21.997 , -0.09999847
21.999 , -0.05999756
22.0 , -0.109993
22.001 , -0.109993
22.003 , -0.08000183
22.004 , -0.09999847
22.005 , -0.09999847
22.007 , -0.1399994
22.008 , -0.1999969
22.009 , -0.1500015
22.01 , -0.1299973
22.012 , -0.140007
22.013 , -0.140007
22.014 , -0.140007
22.015 , -0.1800003
22.016 , -0.2000046
22.017 , -0.1699982
22.018 , -0.2000046
22.02 , -0.1900024
22.021 , -0.159996
22.022 , -0.2199936
22.023 , -0.1800003
22.024 , -0.2199936
22.025 , -0.1800003
22.027 , -0.2099991
22.028 , -0.2400055
22.029 , -0.2300034
22.03 , -0.25
22.031 , -0.2900009
22.032 , -0.2799988
22.034 , -0.2799988
22.035 , -0.2399979
22.036 , -0.2700043
22.037 , -0.2700043
22.038 , -0.3000031
22.04 , -0.2900009
22.041 , -0.2600021
22.042 , -0.2900009
22.043 , -0.3199997
22.044 , -0.3199997
22.045 , -0.3499985
22.047 , -0.3099976
22.048 , -0.3399963
22.049 , -0.3300018
22.05 , -0.3500061
22.051 , -0.3500061
22.052 , -0.3500061
22.053 , -0.340004
22.055 , -0.4100037
22.056 , -0.4000015
22.057 , -0.4000015
22.058 , -0.4000015
22.059 , -0.4299927
22.06 , -0.3899994
22.062 , -0.3899994
22.063 , -0.3800049
22.064 , -0.4700012
22.065 , -0.4500046
22.066 , -0.4400024
22.068 , -0.4599991
22.069 , -0.5
22.07 , -0.4499969
22.071 , -0.5599976
22.072 , -0.5199966
22.074 , -0.5500031
22.075 , -0.5500031
22.076 , -0.5699997
22.077 , -0.5699997
22.078 , -0.5699997
22.08 , -0.5599976
22.081 , -0.5599976
22.082 , -0.5999985
22.083 , -0.5899963
22.084 , -0.5899963
22.086 , -0.5800018
22.087 , -0.6300049
22.088 , -0.6300049
22.089 , -0.6200027
22.09 , -0.6200027
22.092 , -0.6900024
22.093 , -0.6800003
22.094 , -0.7200012
22.095 , -0.6800003
22.096 , -0.7100067
22.097 , -0.7100067
22.099 , -0.7300034
22.1 , -0.7300034
22.101 , -0.7300034
22.102 , -0.75
22.103 , -0.7200012
22.104 , -0.7399979
22.106 , -0.7299957
22.107 , -0.7699966
22.108 , -0.7699966
22.109 , -0.7600021
22.11 , -0.7600021
22.111 , -0.7600021
22.113 , -0.8199997
22.114 , -0.7799988
22.115 , -0.7799988
22.116 , -0.8099976
22.117 , -0.8399963
22.119 , -0.8600006
22.12 , -0.8500061
22.121 , -0.8500061
22.122 , -0.8300018
22.123 , -0.840004
22.124 , -0.840004
22.126 , -0.8300018
22.127 , -0.8300018
22.128 , -0.8300018
22.129 , -0.8700027
22.13 , -0.8899994
22.131 , -0.8600006
22.133 , -0.8800049
22.134 , -0.9200058
22.135 , -0.9500046
22.136 , -0.9100037
22.137 , -0.9400024
22.139 , -0.9800034
22.14 , -0.9300003
22.141 , -0.9700012
22.142 , -0.9300003
22.143 , -0.9599991
22.144 , -0.9799957
22.146 , -0.9500046
22.147 , -0.9500046
22.148 , -0.9700012
22.149 , -0.9500046
22.15 , -0.9899979
22.152 , -0.9899979
22.153 , -1.019997
22.154 , -0.9799957
22.155 , -0.9799957
22.156 , -1.010002
22.158 , -1.080002
22.159 , -1.010002
22.16 , -1.029999
22.161 , -1.07
22.162 , -1.0
22.163 , -1.019997
22.165 , -1.059998
22.166 , -0.9799957
22.167 , -1.009995
22.168 , -1.049995
22.169 , -1.049995
22.17 , -1.060005
22.172 , -1.090004
22.173 , -1.050003
22.174 , -1.050003
22.175 , -1.080002
22.176 , -1.07
22.177 , -1.040001
22.178 , -1.07
22.18 , -1.030006
22.181 , -1.060005
22.182 , -1.060005
22.183 , -1.050003
22.184 , -1.050003
22.185 , -1.050003
22.187 , -1.040001
22.188 , -1.040001
22.189 , -1.080002
22.19 , -1.07
22.191 , -1.029999
22.192 , -1.07
22.194 , -1.060005
22.195 , -1.060005
22.196 , -1.090004
22.197 , -1.120003
22.198 , -1.120003
22.199 , -1.120003
22.201 , -1.07
22.202 , -1.110001
22.203 , -1.100006
22.204 , -1.130005
22.205 , -1.100006
22.206 , -1.130005
22.207 , -1.120003
22.209 , -1.090004
22.21 , -1.110001
22.211 , -1.150002
22.212 , -1.150002
22.213 , -1.07
22.214 , -1.139999
22.216 , -1.139999
22.217 , -1.130005
22.218 , -1.130005
22.219 , -1.130005
22.22 , -1.139999
22.221 , -1.120003
22.223 , -1.129997
22.224 , -1.129997
22.225 , -1.129997
22.226 , -1.129997
22.227 , -1.119995
22.228 , -1.119995
22.23 , -1.110001
22.231 , -1.139999
22.232 , -1.110001
22.233 , -1.129997
22.234 , -1.169998
22.235 , -1.169998
22.237 , -1.159996
22.238 , -1.189995
22.239 , -1.159996
22.24 , -1.150002
22.241 , -1.18
22.242 , -1.150002
22.243 , -1.139999
22.245 , -1.139999
22.246 , -1.139999
22.247 , -1.129997
22.248 , -1.129997
22.249 , -1.129997
22.251 , -1.149994
22.252 , -1.149994
22.253 , -1.139999
22.254 , -1.139999
22.255 , -1.139999
22.256 , -1.139999
22.258 , -1.169998
22.259 , -1.129997
22.26 , -1.159996
22.261 , -1.159996
22.262 , -1.159996
22.264 , -1.110001
22.265 , -1.110001
22.266 , -1.150002
22.267 , -1.099998
22.268 , -1.139999
22.269 , -1.139999
22.271 , -1.129997
22.272 , -1.150002
22.273 , -1.119995
22.274 , -1.119995
22.275 , -1.139999
22.276 , -1.119995
22.278 , -1.07
22.279 , -1.110001
22.28 , -1.099998
22.281 , -1.120003
22.282 , -1.059998
22.284 , -1.049995
22.285 , -1.089996
22.286 , -1.110001
22.287 , -1.080002
22.288 , -1.080002
22.289 , -1.100006
22.29 , -1.090004
22.292 , -1.090004
22.293 , -1.120003
22.294 , -1.080002
22.295 , -1.080002
22.296 , -1.110001
22.297 , -1.099998
22.299 , -1.099998
22.3 , -1.090004
22.301 , -1.130005
22.302 , -1.060005
22.303 , -1.090004
22.304 , -1.050003
22.305 , -1.050003
22.307 , -1.040001
22.308 , -1.040001
22.309 , -1.07
22.31 , -1.059998
22.311 , -1.099998
22.312 , -1.059998
22.314 , -1.090004
22.315 , -1.090004
22.316 , -1.090004
22.317 , -1.110001
22.318 , -1.080002
22.319 , -1.080002
22.32 , -1.099998
22.322 , -1.099998
22.323 , -1.099998
22.324 , -1.060005
22.325 , -1.060005
22.326 , -1.060005
22.327 , -1.050003
22.329 , -1.050003
22.33 , -1.07
22.331 , -1.07
22.332 , -1.07
22.333 , -1.07
22.334 , -1.059998
22.336 , -1.059998
22.337 , -1.090004
22.338 , -1.050003
22.339 , -1.050003
22.34 , -1.099998
22.341 , -1.040001
22.343 , -1.040001
22.344 , -1.0
22.345 , -1.029999
22.346 , -1.029999
22.347 , -0.9900055
22.348 , -1.020004
22.35 , -1.010002
22.351 , -0.9800034
22.352 , -1.050003
22.353 , -1.010002
22.354 , -1.0
22.355 , -1.0
22.356 , -1.0
22.358 , -0.9899979
22.359 , -0.9899979
22.36 , -0.9899979
22.361 , -0.9500046
22.362 , -0.9500046
22.364 , -0.9400024
22.365 , -0.9400024
22.366 , -0.9000015
22.367 , -0.8600006
22.368 , -0.8899994
22.37 , -0.8899994
22.371 , -0.8300018
22.372 , -0.8300018
22.373 , -0.8300018
22.374 , -0.7799988
22.375 , -0.8199997
22.377 , -0.7699966
22.378 , -0.7399979
22.379 , -0.6999969
22.38 , -0.6699982
22.382 , -0.5999985
22.383 , -0.5999985
22.384 , -0.5600052
22.385 , -0.4900055
22.386 , -0.4200058
22.388 , -0.3899994
22.389 , -0.3499985
22.39 , -0.3499985
22.391 , -0.3099976
22.392 , -0.2399979
22.394 , -0.2299957
22.395 , -0.2099991
22.396 , -0.1399994
22.397 , -0.1300049
22.398 , -0.06000519
22.4 , 0.0
22.401 , 0.08000183
22.402 , 0.1100006
22.403 , 0.1699982
22.405 , 0.2099991
22.406 , 0.25
22.407 , 0.3499985
22.408 , 0.3799973
22.409 , 0.4499969
22.411 , 0.5199966
22.412 , 0.5699997
22.413 , 0.6200027
22.414 , 0.6699982
22.415 , 0.7399979
22.417 , 0.75
22.418 , 0.840004
22.419 , 0.8700027
22.42 , 0.9300003
22.421 , 0.9700012
22.422 , 1.009995
22.423 , 1.079994
22.425 , 1.160004
22.426 , 1.160004
22.427 , 1.260002
22.428 , 1.260002
22.429 , 1.330002
22.43 , 1.330002
22.431 , 1.389999
22.433 , 1.43
22.434 , 1.510002
22.435 , 1.510002
22.436 , 1.580002
22.437 , 1.619995
22.438 , 1.660004
22.439 , 1.629997
22.441 , 1.710007
22.442 , 1.740005
22.443 , 1.780006
22.444 , 1.790001
22.445 , 1.839996
22.446 , 1.790001
22.448 , 1.849998
22.449 , 1.82
22.45 , 1.849998
22.451 , 1.93
22.452 , 1.900002
22.453 , 1.93
22.455 , 1.909996
22.456 , 1.909996
22.457 , 1.869995
22.458 , 1.879997
22.459 , 1.879997
22.461 , 1.93
22.462 , 1.93
22.463 , 1.93
22.464 , 1.940002
22.465 , 1.970001
22.466 , 1.940002
22.467 , 1.970001
22.469 , 1.949997
22.47 , 1.909996
22.471 , 1.959999
22.472 , 1.959999
22.481 , 1.860001
22.482 , 1.900002
22.484 , 1.870003
22.485 , 1.910004
22.486 , 1.840004
22.487 , 1.870003
22.488 , 1.810005
22.489 , 1.850006
22.49 , 1.850006
22.492 , 1.82
22.493 , 1.82
22.494 , 1.830002
22.495 , 1.830002
22.496 , 1.799995
22.498 , 1.770004
22.499 , 1.809998
22.5 , 1.770004
22.501 , 1.730003
22.502 , 1.710007
22.503 , 1.730003
22.504 , 1.739998
22.506 , 1.739998
22.507 , 1.720001
22.508 , 1.730003
22.509 , 1.68
22.51 , 1.68
22.511 , 1.690002
22.513 , 1.670006
22.514 , 1.670006
22.515 , 1.639999
22.516 , 1.609993
22.517 , 1.609993
22.518 , 1.599998
22.52 , 1.549995
22.521 , 1.559998
22.522 , 1.559998
22.523 , 1.559998
22.524 , 1.540001
22.525 , 1.550003
22.527 , 1.510002
22.528 , 1.519997
22.529 , 1.489998
22.53 , 1.489998
22.531 , 1.5
22.532 , 1.480003
22.534 , 1.43
22.535 , 1.490005
22.536 , 1.419998
22.537 , 1.440002
22.538 , 1.429993
22.539 , 1.449997
22.541 , 1.400002
22.542 , 1.400002
22.543 , 1.400002
22.544 , 1.400002
22.545 , 1.379997
22.546 , 1.340004
22.547 , 1.340004
22.549 , 1.350006
22.55 , 1.350006
22.551 , 1.309998
22.552 , 1.309998
22.553 , 1.269997
22.554 , 1.269997
22.556 , 1.279999
22.557 , 1.25
22.558 , 1.220001
22.559 , 1.190002
22.56 , 1.220001
22.561 , 1.18
22.563 , 1.200005
22.564 , 1.200005
22.565 , 1.209999
22.566 , 1.189995
22.567 , 1.139999
22.568 , 1.129997
22.57 , 1.129997
22.571 , 1.100006
22.572 , 1.07
22.573 , 1.07
22.574 , 1.07
22.576 , 1.009995
22.577 , 1.009995
22.578 , 1.019997
22.579 , 1.019997
22.58 , 1.0
22.582 , 1.010002
22.583 , 0.9400024
22.584 , 0.9700012
22.585 , 0.9500046
22.586 , 0.9800034
22.587 , 0.9500046
22.589 , 0.8899994
22.59 , 0.9199982
22.591 , 0.8699951
22.592 , 0.8799973
22.593 , 0.8099976
22.595 , 0.7799988
22.596 , 0.75
22.597 , 0.7799988
22.598 , 0.7599945
22.599 , 0.7399979
22.601 , 0.7399979
22.602 , 0.7099991
22.603 , 0.7099991
22.604 , 0.7099991
22.605 , 0.6900024
22.607 , 0.6500015
22.608 , 0.6600037
22.609 , 0.6300049
22.61 , 0.6300049
22.611 , 0.6100006
22.612 , 0.6199951
22.614 , 0.6199951
22.615 , 0.5899963
22.616 , 0.5599976
22.617 , 0.5599976
22.618 , 0.5299988
22.62 , 0.5
22.621 , 0.5
22.622 , 0.4699936
22.623 , 0.5099945
22.624 , 0.5099945
22.625 , 0.4599991
22.627 , 0.5199966
22.628 , 0.4700012
22.629 , 0.4700012
22.63 , 0.4700012
22.631 , 0.4400024
22.632 , 0.4500046
22.634 , 0.4500046
22.635 , 0.3899994
22.636 , 0.3899994
22.637 , 0.3899994
22.638 , 0.4000015
22.64 , 0.4000015
22.641 , 0.3600006
22.642 , 0.3499985
22.643 , 0.3700027
22.644 , 0.3700027
22.645 , 0.3600006
22.647 , 0.3600006
22.648 , 0.3699951
22.649 , 0.3899994
22.65 , 0.3399963
22.651 , 0.3699951
22.653 , 0.3499985
22.654 , 0.3499985
22.655 , 0.2900009
22.656 , 0.2900009
22.657 , 0.2900009
22.659 , 0.2599945
22.66 , 0.2599945
22.661 , 0.2599945
22.662 , 0.2699966
22.663 , 0.3099976
22.665 , 0.2799988
22.666 , 0.3199997
22.667 , 0.2799988
22.668 , 0.2799988
22.669 , 0.2600021
22.671 , 0.2600021
22.672 , 0.2699966
22.673 , 0.2299957
22.674 , 0.2299957
22.675 , 0.2799988
22.677 , 0.2200012
22.678 , 0.2200012
22.679 , 0.2300034
22.68 , 0.25
22.681 , 0.25
22.682 , 0.2399979
22.683 , 0.2399979
22.685 , 0.2200012
22.686 , 0.2200012
22.687 , 0.25
22.688 , 0.1800003
22.689 , 0.1600037
22.69 , 0.1900024
22.692 , 0.1700058
22.693 , 0.2000046
22.694 , 0.1700058
22.695 , 0.1800003
22.696 , 0.1800003
22.698 , 0.1800003
22.699 , 0.1900024
22.7 , 0.1500015
22.701 , 0.1299973
22.702 , 0.1399994
22.703 , 0.1399994
22.705 , 0.1499939
22.706 , 0.1699982
22.707 , 0.1699982
22.708 , 0.1499939
22.709 , 0.159996
22.711 , 0.1800003
22.712 , 0.1399994
22.713 , 0.1699982
22.714 , 0.1399994
22.715 , 0.1100006
22.717 , 0.1100006
22.718 , 0.1500015
22.719 , 0.1199951
22.72 , 0.1199951
22.721 , 0.159996
22.722 , 0.1299973
22.724 , 0.1299973
22.725 , 0.1399994
22.726 , 0.1399994
22.727 , 0.1399994
22.728 , 0.1100006
22.73 , 0.1200027
22.731 , 0.08000183
22.732 , 0.08999634
22.733 , 0.08999634
22.735 , 0.09999847
22.736 , 0.09999847
22.738 , 0.08000183
22.739 , 0.09000397
22.74 , 0.09000397
22.742 , 0.02999878
22.743 , 0.06999969
22.745 , 0.08000183
22.746 , 0.08000183
22.747 , 0.08000183
22.749 , 0.02000427
22.75 , 0.02000427
22.751 , -0.01999664
22.753 , 0.03000641
22.754 , -0.009994507
22.756 , 0.0
22.757 , 0.0
22.758 , -0.02000427
22.759 , 0.01000214
22.761 , -0.01000214
22.762 , -0.04999542
22.763 , 0.0
22.765 , -0.04999542
22.766 , -0.04000092
22.767 , -0.06000519
22.769 , -0.05000305
22.77 , -0.02999878
22.771 , -0.08000183
22.773 , -0.1100006
22.774 , -0.1100006
22.775 , -0.1100006
22.776 , -0.09999847
22.778 , -0.1199951
22.779 , -0.09000397
22.78 , -0.09000397
22.782 , -0.08000183
22.783 , -0.09999847
22.785 , -0.1500015
22.786 , -0.08999634
22.787 , -0.1399994
22.788 , -0.159996
22.79 , -0.1500015
22.791 , -0.1300049
22.792 , -0.1200027
22.793 , -0.1699982
22.794 , -0.1699982
22.795 , -0.2099991
22.797 , -0.1299973
22.798 , -0.1999969
22.799 , -0.2099991
22.8 , -0.1899948
22.802 , -0.25
22.803 , -0.1800003
22.804 , -0.2000046
22.805 , -0.25
22.806 , -0.2600021
22.807 , -0.2600021
22.809 , -0.2299957
22.81 , -0.2299957
22.811 , -0.2799988
22.812 , -0.2699966
22.813 , -0.3099976
22.814 , -0.3099976
22.816 , -0.3300018
22.817 , -0.3300018
22.818 , -0.3700027
22.819 , -0.3600006
22.82 , -0.3600006
22.822 , -0.3699951
22.823 , -0.3699951
22.824 , -0.3699951
22.825 , -0.3699951
22.826 , -0.4100037
22.828 , -0.4100037
22.829 , -0.4000015
22.83 , -0.4199982
22.831 , -0.4000015
22.832 , -0.4199982
22.833 , -0.409996
22.835 , -0.409996
22.836 , -0.4300003
22.837 , -0.4699936
22.838 , -0.4699936
22.839 , -0.4599991
22.841 , -0.4800034
22.842 , -0.4599991
22.843 , -0.5199966
22.844 , -0.4700012
22.845 , -0.5199966
22.847 , -0.4599991
22.848 , -0.5299988
22.849 , -0.5
22.85 , -0.5
22.851 , -0.5500031
22.853 , -0.5400009
22.854 , -0.5400009
22.855 , -0.5400009
22.856 , -0.5699997
22.857 , -0.5699997
22.858 , -0.5699997
22.86 , -0.5199966
22.861 , -0.5799942
22.862 , -0.5599976
22.863 , -0.5699997
22.865 , -0.5699997
22.866 , -0.6100006
22.867 , -0.5599976
22.868 , -0.6100006
22.869 , -0.5999985
22.871 , -0.6199951
22.872 , -0.6699982
22.873 , -0.6600037
22.874 , -0.6800003
22.875 , -0.6800003
22.876 , -0.6699982
22.878 , -0.6699982
22.879 , -0.6800003
22.88 , -0.6800003
22.881 , -0.7299957
22.883 , -0.7199936
22.884 , -0.7199936
22.885 , -0.7199936
22.886 , -0.6600037
22.887 , -0.7300034
22.889 , -0.7200012
22.89 , -0.7200012
22.891 , -0.7700043
22.892 , -0.7700043
22.893 , -0.7600021
22.895 , -0.7600021
22.896 , -0.7699966
22.897 , -0.7899933
22.898 , -0.7899933
22.899 , -0.7799988
22.901 , -0.7799988
22.902 , -0.8300018
22.903 , -0.7699966
22.904 , -0.7699966
22.905 , -0.8199997
22.907 , -0.8099976
22.908 , -0.8299942
22.909 , -0.8299942
22.91 , -0.8199997
22.912 , -0.8700027
22.913 , -0.8799973
22.914 , -0.8600006
22.915 , -0.8799973
22.916 , -0.8899994
22.917 , -0.8899994
22.919 , -0.8899994
22.92 , -0.8799973
22.921 , -0.8799973
22.922 , -0.9300003
22.923 , -0.9200058
22.925 , -0.9200058
22.926 , -0.9100037
22.927 , -0.9100037
22.928 , -0.9100037
22.929 , -0.9300003
22.93 , -0.9199982
22.932 , -0.9199982
22.933 , -0.9800034
22.934 , -0.9100037
22.935 , -0.9800034
22.936 , -1.020004
22.938 , -0.9700012
22.939 , -0.9700012
22.94 , -1.010002
22.941 , -1.010002
22.942 , -1.010002
22.943 , -1.0
22.944 , -1.0
22.946 , -1.010002
22.947 , -1.010002
22.948 , -1.029999
22.949 , -1.010002
22.95 , -1.019997
22.951 , -1.019997
22.953 , -1.009995
22.954 , -1.009995
22.955 , -1.059998
22.956 , -1.0
22.957 , -1.050003
22.958 , -1.050003
22.96 , -1.040001
22.961 , -1.040001
22.962 , -1.040001
22.963 , -1.029999
22.964 , -1.050003
22.965 , -1.029999
22.967 , -1.040001
22.968 , -1.040001
22.969 , -1.040001
22.97 , -1.030006
22.971 , -1.080002
22.972 , -1.080002
22.973 , -1.07
22.975 , -1.07
22.976 , -1.080002
22.977 , -1.059998
22.978 , -1.080002
22.979 , -1.059998
22.981 , -1.049995
22.982 , -1.07
22.983 , -1.060005
22.984 , -1.060005
22.985 , -1.060005
22.986 , -1.080002
22.988 , -1.050003
22.989 , -1.050003
22.99 , -1.059998
22.991 , -1.059998
22.992 , -1.059998
22.994 , -1.100006
22.995 , -1.100006
22.996 , -1.100006
22.997 , -1.090004
22.998 , -1.040001
22.999 , -1.040001
23.0 , -1.029999
23.002 , -1.080002
23.003 , -1.07
23.004 , -1.019997
23.005 , -1.07
23.006 , -1.07
23.008 , -1.060005
23.009 , -1.060005
23.01 , -1.0
23.011 , -1.050003
23.012 , -1.050003
23.013 , -1.040001
23.014 , -1.059998
23.015 , -1.040001
23.017 , -1.050003
23.018 , -1.030006
23.019 , -1.050003
23.02 , -1.040001
23.021 , -1.040001
23.022 , -1.040001
23.023 , -1.029999
23.025 , -1.029999
23.026 , -1.080002
23.027 , -1.019997
23.028 , -1.019997
23.029 , -1.019997
23.031 , -1.060005
23.032 , -1.060005
23.033 , -1.050003
23.034 , -1.050003
23.035 , -1.050003
23.036 , -1.07
23.037 , -1.040001
23.039 , -1.059998
23.04 , -1.050003
23.041 , -1.050003
23.042 , -1.050003
23.043 , -1.020004
23.044 , -1.040001
23.045 , -1.040001
23.046 , -1.040001
23.048 , -1.010002
23.049 , -1.080002
23.05 , -1.07
23.051 , -1.07
23.052 , -1.07
23.053 , -1.060005
23.055 , -1.060005
23.056 , -1.060005
23.057 , -1.07
23.058 , -1.050003
23.059 , -1.07
23.06 , -1.040001
23.062 , -1.059998
23.063 , -1.059998
23.064 , -1.049995
23.065 , -1.029999
23.066 , -1.029999
23.067 , -1.040001
23.069 , -1.060005
23.07 , -1.029999
23.071 , -1.029999
23.072 , -1.050003
23.073 , -1.050003
23.074 , -1.040001
23.076 , -1.040001
23.077 , -1.030006
23.078 , -1.010002
23.079 , -1.080002
23.08 , -1.07
23.081 , -1.020004
23.083 , -1.020004
23.084 , -1.059998
23.085 , -1.010002
23.086 , -1.010002
23.087 , -1.049995
23.088 , -1.049995
23.09 , -0.9900055
23.091 , -1.040001
23.092 , -1.040001
23.093 , -0.9900055
23.094 , -1.029999
23.095 , -1.050003
23.097 , -1.019997
23.098 , -1.019997
23.099 , -1.040001
23.1 , -1.030006
23.101 , -1.010002
23.102 , -1.030006
23.103 , -1.010002
23.105 , -1.0
23.106 , -1.0
23.107 , -0.9899979
23.108 , -0.9899979
23.109 , -0.9899979
23.111 , -0.9799957
23.112 , -0.9799957
23.113 , -0.9799957
23.114 , -0.9700012
23.115 , -0.9900055
23.116 , -0.9700012
23.118 , -0.9599991
23.119 , -0.9599991
23.12 , -0.9000015
23.121 , -0.9000015
23.122 , -0.9499969
23.123 , -0.9000015
23.125 , -0.8700027
23.126 , -0.890007
23.127 , -0.8600006
23.128 , -0.840004
23.129 , -0.840004
23.131 , -0.8300018
23.132 , -0.7799988
23.133 , -0.8300018
23.134 , -0.8199997
23.135 , -0.75
23.136 , -0.75
23.138 , -0.6700058
23.139 , -0.6900024
23.14 , -0.6700058
23.141 , -0.6100006
23.142 , -0.6100006
23.143 , -0.5200043
23.145 , -0.5100021
23.146 , -0.4899979
23.147 , -0.4299927
23.148 , -0.409996
23.157 , -0.05999756
23.159 , -0.009994507
23.16 , 0.02999878
23.162 , 0.1100006
23.163 , 0.1800003
23.164 , 0.2099991
23.165 , 0.2600021
23.166 , 0.3300018
23.167 , 0.4000015
23.169 , 0.4000015
23.17 , 0.5
23.171 , 0.5100021
23.172 , 0.5300064
23.173 , 0.5699997
23.174 , 0.6299973
23.175 , 0.6800003
23.177 , 0.75
23.178 , 0.7799988
23.179 , 0.8499985
23.18 , 0.9199982
23.181 , 0.9900055
23.183 , 1.020004
23.184 , 1.099998
23.185 , 1.119995
23.186 , 1.189995
23.187 , 1.269997
23.188 , 1.290001
23.19 , 1.290001
23.191 , 1.300003
23.192 , 1.370003
23.193 , 1.440002
23.194 , 1.470001
23.195 , 1.510002
23.196 , 1.540001
23.198 , 1.589996
23.199 , 1.639999
23.2 , 1.639999
23.201 , 1.650002
23.202 , 1.760002
23.204 , 1.770004
23.205 , 1.770004
23.206 , 1.770004
23.207 , 1.809998
23.208 , 1.739998
23.209 , 1.829994
23.21 , 1.809998
23.212 , 1.839996
23.213 , 1.879997
23.214 , 1.830002
23.215 , 1.849998
23.216 , 1.849998
23.218 , 1.860001
23.219 , 1.840004
23.22 , 1.860001
23.221 , 1.849998
23.222 , 1.869995
23.223 , 1.909996
23.225 , 1.879997
23.226 , 1.879997
23.227 , 1.879997
23.228 , 1.889999
23.229 , 1.93
23.23 , 1.889999
23.232 , 1.880005
23.233 , 1.880005
23.234 , 1.860001
23.235 , 1.82
23.236 , 1.860001
23.237 , 1.860001
23.239 , 1.870003
23.24 , 1.830002
23.241 , 1.810005
23.242 , 1.810005
23.243 , 1.810005
23.244 , 1.849998
23.246 , 1.82
23.247 , 1.82
23.248 , 1.830002
23.249 , 1.790001
23.25 , 1.790001
23.251 , 1.779999
23.253 , 1.800003
23.254 , 1.790001
23.255 , 1.760002
23.256 , 1.790001
23.257 , 1.760002
23.258 , 1.799995
23.26 , 1.729996
23.261 , 1.739998
23.262 , 1.709999
23.263 , 1.709999
23.264 , 1.75
23.266 , 1.68
23.267 , 1.720001
23.268 , 1.729996
23.269 , 1.689995
23.27 , 1.669998
23.271 , 1.650002
23.273 , 1.650002
23.274 , 1.660004
23.275 , 1.620003
23.276 , 1.620003
23.277 , 1.620003
23.278 , 1.630005
23.279 , 1.600006
23.281 , 1.610001
23.282 , 1.610001
23.283 , 1.57
23.284 , 1.580002
23.285 , 1.559998
23.286 , 1.510002
23.288 , 1.520004
23.289 , 1.5
23.29 , 1.5
23.291 , 1.479996
23.292 , 1.479996
23.293 , 1.479996
23.295 , 1.449997
23.296 , 1.43
23.297 , 1.379997
23.298 , 1.370003
23.299 , 1.370003
23.3 , 1.370003
23.302 , 1.380005
23.303 , 1.350006
23.304 , 1.380005
23.305 , 1.32
23.306 , 1.360001
23.307 , 1.32
23.309 , 1.330002
23.31 , 1.260002
23.311 , 1.25
23.312 , 1.25
23.313 , 1.270004
23.314 , 1.25
23.315 , 1.230003
23.316 , 1.190002
23.318 , 1.169998
23.319 , 1.129997
23.32 , 1.129997
23.321 , 1.139999
23.322 , 1.120003
23.323 , 1.139999
23.325 , 1.130005
23.326 , 1.080002
23.327 , 1.080002
23.328 , 1.089996
23.329 , 1.07
23.33 , 1.07
23.332 , 1.010002
23.333 , 1.010002
23.334 , 1.010002
23.335 , 1.0
23.336 , 1.0
23.337 , 1.0
23.338 , 0.9600067
23.34 , 0.9400024
23.341 , 0.9499969
23.342 , 0.9499969
23.343 , 0.8799973
23.344 , 0.8799973
23.346 , 0.8899994
23.347 , 0.8899994
23.348 , 0.8800049
23.349 , 0.8300018
23.35 , 0.8800049
23.352 , 0.8399963
23.353 , 0.8199997
23.354 , 0.7699966
23.355 , 0.7600021
23.356 , 0.7600021
23.357 , 0.7600021
23.359 , 0.75
23.36 , 0.75
23.361 , 0.7100067
23.362 , 0.6900024
23.363 , 0.6900024
23.364 , 0.6900024
23.366 , 0.6999969
23.367 , 0.6499939
23.368 , 0.659996
23.369 , 0.6399994
23.37 , 0.6399994
23.372 , 0.6300049
23.373 , 0.5800018
23.374 , 0.6300049
23.375 , 0.5899963
23.376 , 0.5199966
23.377 , 0.5699997
23.379 , 0.5100021
23.38 , 0.5100021
23.381 , 0.5100021
23.382 , 0.5
23.383 , 0.4499969
23.385 , 0.5100021
23.386 , 0.5100021
23.387 , 0.5100021
23.388 , 0.5199966
23.389 , 0.4499969
23.39 , 0.4699936
23.392 , 0.4599991
23.393 , 0.3899994
23.394 , 0.3399963
23.395 , 0.3499985
23.397 , 0.3499985
23.398 , 0.3600006
23.399 , 0.340004
23.4 , 0.3600006
23.401 , 0.340004
23.402 , 0.3300018
23.404 , 0.3300018
23.405 , 0.340004
23.406 , 0.340004
23.407 , 0.3600006
23.408 , 0.3000031
23.409 , 0.3000031
23.41 , 0.3000031
23.412 , 0.3099976
23.413 , 0.2899933
23.414 , 0.2899933
23.415 , 0.2999954
23.416 , 0.2999954
23.417 , 0.2999954
23.419 , 0.2600021
23.42 , 0.2399979
23.421 , 0.2600021
23.422 , 0.25
23.423 , 0.25
23.424 , 0.25
23.426 , 0.2599945
23.427 , 0.2399979
23.428 , 0.2699966
23.429 , 0.2699966
23.43 , 0.2699966
23.432 , 0.2600021
23.433 , 0.2600021
23.434 , 0.2099991
23.435 , 0.2699966
23.436 , 0.2199936
23.437 , 0.2199936
23.439 , 0.2299957
23.44 , 0.2299957
23.441 , 0.2099991
23.442 , 0.2200012
23.443 , 0.2399979
23.445 , 0.25
23.446 , 0.2300034
23.447 , 0.2300034
23.448 , 0.2399979
23.449 , 0.2399979
23.45 , 0.1699982
23.452 , 0.25
23.453 , 0.1999969
23.454 , 0.1800003
23.455 , 0.2099991
23.456 , 0.1900024
23.458 , 0.1200027
23.459 , 0.1499939
23.46 , 0.1999969
23.461 , 0.1499939
23.462 , 0.159996
23.464 , 0.159996
23.465 , 0.1500015
23.466 , 0.1699982
23.467 , 0.2200012
23.468 , 0.1500015
23.469 , 0.1399994
23.471 , 0.1800003
23.472 , 0.1899948
23.473 , 0.1699982
23.474 , 0.1499939
23.475 , 0.1800003
23.476 , 0.159996
23.478 , 0.159996
23.479 , 0.1200027
23.48 , 0.1200027
23.481 , 0.1699982
23.482 , 0.1800003
23.483 , 0.1300049
23.485 , 0.1899948
23.486 , 0.1399994
23.487 , 0.1199951
23.488 , 0.1199951
23.489 , 0.1299973
23.491 , 0.1299973
23.492 , 0.09000397
23.493 , 0.09000397
23.495 , 0.0799942
23.496 , 0.0799942
23.497 , 0.05999756
23.499 , 0.08999634
23.5 , 0.08999634
23.502 , 0.08000183
23.503 , 0.02999878
23.504 , 0.08000183
23.506 , 0.04000092
23.507 , 0.04000092
23.508 , 0.04000092
23.51 , 0.04999542
23.511 , 0.04999542
23.513 , 0.04000092
23.514 , -0.01000214
23.515 , -0.04000092
23.517 , -0.04000092
23.518 , -0.01999664
23.519 , -0.01000214
23.521 , -0.03000641
23.522 , -0.02000427
23.524 , -0.06999969
23.525 , -0.05999756
23.526 , -0.01000214
23.528 , -0.08000183
23.529 , -0.04999542
23.531 , -0.06999969
23.532 , -0.06000519
23.533 , -0.1300049
23.534 , -0.1100006
23.536 , -0.09999847
23.537 , -0.1200027
23.538 , -0.09999847
23.54 , -0.1800003
23.541 , -0.159996
23.542 , -0.1000061
23.543 , -0.1500015
23.544 , -0.1500015
23.545 , -0.1700058
23.547 , -0.1800003
23.548 , -0.1600037
23.549 , -0.2200012
23.55 , -0.1699982
23.551 , -0.1699982
23.552 , -0.2099991
23.554 , -0.2099991
23.555 , -0.2099991
23.556 , -0.2700043
23.557 , -0.2900009
23.558 , -0.2700043
23.559 , -0.2600021
23.561 , -0.2799988
23.562 , -0.2699966
23.563 , -0.2699966
23.564 , -0.2699966
23.565 , -0.2900009
23.567 , -0.2799988
23.568 , -0.2799988
23.569 , -0.2700043
23.57 , -0.2700043
23.571 , -0.3199997
23.573 , -0.3300018
23.574 , -0.3300018
23.575 , -0.3799973
23.576 , -0.3699951
23.577 , -0.3699951
23.579 , -0.3800049
23.58 , -0.3800049
23.581 , -0.3800049
23.582 , -0.3899994
23.583 , -0.3499985
23.585 , -0.3700027
23.586 , -0.3799973
23.587 , -0.4300003
23.588 , -0.3799973
23.589 , -0.4199982
23.591 , -0.4399948
23.592 , -0.4100037
23.593 , -0.4300003
23.594 , -0.4300003
23.595 , -0.4800034
23.597 , -0.4700012
23.598 , -0.4700012
23.599 , -0.4799957
23.6 , -0.4599991
23.601 , -0.4799957
23.603 , -0.4700012
23.604 , -0.5200043
23.605 , -0.5200043
23.606 , -0.5100021
23.607 , -0.4599991
23.608 , -0.5100021
23.61 , -0.5199966
23.611 , -0.5199966
23.612 , -0.5199966
23.613 , -0.5299988
23.614 , -0.5799942
23.616 , -0.5200043
23.617 , -0.5699997
23.618 , -0.5200043
23.619 , -0.5800018
23.62 , -0.6299973
23.621 , -0.6299973
23.623 , -0.6199951
23.624 , -0.6199951
23.625 , -0.6399994
23.626 , -0.6100006
23.627 , -0.6100006
23.628 , -0.6100006
23.63 , -0.6200027
23.631 , -0.6200027
23.632 , -0.6399994
23.633 , -0.6100006
23.634 , -0.6299973
23.636 , -0.6699982
23.637 , -0.6899948
23.638 , -0.6899948
23.639 , -0.6800003
23.64 , -0.6800003
23.642 , -0.7300034
23.643 , -0.7200012
23.644 , -0.6699982
23.645 , -0.7200012
23.646 , -0.7299957
23.648 , -0.7099991
23.649 , -0.6999969
23.65 , -0.7199936
23.651 , -0.7199936
23.653 , -0.75
23.654 , -0.75
23.655 , -0.8000031
23.656 , -0.7900009
23.657 , -0.7900009
23.658 , -0.7900009
23.66 , -0.7799988
23.661 , -0.7599945
23.662 , -0.7799988
23.663 , -0.8199997
23.664 , -0.8199997
23.666 , -0.7600021
23.667 , -0.8300018
23.668 , -0.8300018
23.669 , -0.8199997
23.67 , -0.8199997
23.672 , -0.8199997
23.673 , -0.8799973
23.674 , -0.8999939
23.675 , -0.9499969
23.677 , -0.8899994
23.678 , -0.8899994
23.679 , -0.8799973
23.68 , -0.9300003
23.681 , -0.8600006
23.683 , -0.8699951
23.684 , -0.9199982
23.685 , -0.9199982
23.686 , -0.9100037
23.687 , -0.9500046
23.689 , -0.9500046
23.69 , -0.9899979
23.691 , -0.9899979
23.692 , -0.9400024
23.693 , -1.0
23.695 , -1.0
23.696 , -0.9699936
23.697 , -0.9899979
23.698 , -0.9899979
23.7 , -1.0
23.701 , -1.0
23.702 , -1.0
23.703 , -0.9899979
23.704 , -1.040001
23.705 , -0.9899979
23.707 , -1.029999
23.708 , -1.029999
23.709 , -1.029999
23.71 , -1.040001
23.711 , -1.040001
23.712 , -1.110001
23.714 , -1.029999
23.715 , -1.029999
23.716 , -1.019997
23.717 , -1.019997
23.718 , -1.089996
23.72 , -1.129997
23.721 , -1.009995
23.722 , -1.079994
23.723 , -1.0
23.724 , -1.07
23.725 , -1.07
23.727 , -1.110001
23.728 , -0.9899979
23.729 , -1.059998
23.73 , -1.049995
23.731 , -1.049995
23.733 , -1.039993
23.734 , -1.089996
23.735 , -1.109993
23.736 , -1.099998
23.737 , -1.120003
23.738 , -1.120003
23.74 , -1.089996
23.741 , -1.110001
23.742 , -1.089996
23.743 , -1.079994
23.744 , -1.099998
23.745 , -1.149994
23.747 , -1.07
23.748 , -1.090004
23.749 , -1.090004
23.75 , -1.129997
23.751 , -1.129997
23.753 , -1.119995
23.754 , -1.119995
23.755 , -1.119995
23.756 , -1.109993
23.757 , -1.129997
23.759 , -1.129997
23.76 , -1.120003
23.761 , -1.120003
23.762 , -1.170006
23.763 , -1.110001
23.764 , -1.160004
23.766 , -1.160004
23.767 , -1.099998
23.768 , -1.150002
23.769 , -1.099998
23.77 , -1.140007
23.771 , -1.140007
23.773 , -1.150002
23.774 , -1.150002
23.775 , -1.169998
23.776 , -1.150002
23.777 , -1.139999
23.778 , -1.159996
23.78 , -1.129997
23.781 , -1.149994
23.782 , -1.199997
23.783 , -1.139999
23.784 , -1.139999
23.786 , -1.120003
23.787 , -1.110001
23.788 , -1.18
23.789 , -1.129997
23.79 , -1.169998
23.791 , -1.119995
23.793 , -1.110001
23.794 , -1.18
23.795 , -1.18
23.796 , -1.18
23.797 , -1.169998
23.798 , -1.169998
23.8 , -1.209999
23.801 , -1.159996
23.802 , -1.159996
23.803 , -1.149994
23.804 , -1.149994
23.805 , -1.199997
23.807 , -1.139999
23.808 , -1.190002
23.809 , -1.190002
23.81 , -1.18
23.811 , -1.129997
23.812 , -1.18
23.814 , -1.169998
23.815 , -1.169998
23.816 , -1.189995
23.817 , -1.179993
23.818 , -1.179993
23.82 , -1.169998
23.821 , -1.150002
23.822 , -1.169998
23.823 , -1.230003
23.824 , -1.18
23.825 , -1.18
23.834 , -1.200005
23.836 , -1.150002
23.837 , -1.190002
23.838 , -1.190002
23.839 , -1.190002
23.84 , -1.18
23.841 , -1.199997
23.843 , -1.170006
23.844 , -1.170006
23.845 , -1.170006
23.846 , -1.190002
23.847 , -1.110001
23.848 , -1.160004
23.85 , -1.150002
23.851 , -1.150002
23.852 , -1.169998
23.853 , -1.150002
23.854 , -1.140007
23.855 , -1.160004
23.857 , -1.150002
23.858 , -1.150002
23.859 , -1.150002
23.86 , -1.120003
23.861 , -1.120003
23.862 , -1.07
23.864 , -1.110001
23.865 , -1.059998
23.866 , -1.059998
23.867 , -1.029999
23.868 , -1.050003
23.869 , -1.010002
23.871 , -1.0
23.872 , -1.0
23.873 , -0.9499969
23.874 , -0.9899979
23.875 , -0.9399948
23.877 , -0.9100037
23.878 , -0.9100037
23.879 , -0.8600006
23.88 , -0.8499985
23.881 , -0.8100052
23.882 , -0.7600021
23.884 , -0.75
23.885 , -0.6800003
23.886 , -0.659996
23.887 , -0.6299973
23.889 , -0.5799942
23.89 , -0.4800034
23.891 , -0.4800034
23.892 , -0.4100037
23.893 , -0.3899994
23.894 , -0.3799973
23.896 , -0.2900009
23.897 , -0.2299957
23.898 , -0.2099991
23.899 , -0.1199951
23.901 , -0.109993
23.902 , -0.009994507
23.903 , 0.05000305
23.905 , 0.1100006
23.906 , 0.1299973
23.907 , 0.2099991
23.908 , 0.2799988
23.909 , 0.2799988
23.91 , 0.3800049
23.912 , 0.4000015
23.913 , 0.4500046
23.914 , 0.4799957
23.915 , 0.5499954
23.916 , 0.6199951
23.918 , 0.6299973
23.919 , 0.7200012
23.92 , 0.7799988
23.921 , 0.8000031
23.922 , 0.8700027
23.923 , 0.9599991
23.925 , 0.9700012
23.926 , 1.110001
23.927 , 1.139999
23.928 , 1.189995
23.929 , 1.229996
23.931 , 1.290001
23.932 , 1.360001
23.933 , 1.290001
23.934 , 1.389999
23.935 , 1.459999
23.936 , 1.459999
23.938 , 1.489998
23.939 , 1.539993
23.94 , 1.559998
23.941 , 1.589996
23.942 , 1.639999
23.944 , 1.650002
23.945 , 1.650002
23.946 , 1.669998
23.947 , 1.730003
23.948 , 1.730003
23.95 , 1.730003
23.951 , 1.759995
23.952 , 1.759995
23.953 , 1.809998
23.954 , 1.769997
23.956 , 1.82
23.957 , 1.779999
23.958 , 1.779999
23.959 , 1.760002
23.96 , 1.760002
23.961 , 1.789993
23.963 , 1.789993
23.964 , 1.799995
23.965 , 1.799995
23.966 , 1.779999
23.967 , 1.860001
23.969 , 1.809998
23.97 , 1.809998
23.971 , 1.82
23.972 , 1.800003
23.973 , 1.75
23.975 , 1.739998
23.976 , 1.809998
23.977 , 1.769997
23.978 , 1.75
23.979 , 1.769997
23.981 , 1.760002
23.982 , 1.779999
23.983 , 1.760002
23.984 , 1.770004
23.985 , 1.770004
23.986 , 1.720001
23.988 , 1.729996
23.989 , 1.729996
23.99 , 1.709999
23.991 , 1.699997
23.992 , 1.720001
23.993 , 1.699997
23.995 , 1.709999
23.996 , 1.660004
23.997 , 1.669998
23.998 , 1.649994
23.999 , 1.649994
24.001 , 1.659996
24.002 , 1.659996
24.003 , 1.610001
24.004 , 1.620003
24.005 , 1.620003
24.006 , 1.669998
24.008 , 1.610001
24.009 , 1.630005
24.01 , 1.610001
24.011 , 1.619995
24.012 , 1.599998
24.013 , 1.599998
24.014 , 1.559998
24.016 , 1.540001
24.017 , 1.540001
24.018 , 1.5
24.019 , 1.5
24.02 , 1.480003
24.021 , 1.489998
24.022 , 1.469994
24.024 , 1.5
24.025 , 1.479996
24.026 , 1.479996
24.027 , 1.43
24.028 , 1.349998
24.029 , 1.300003
24.031 , 1.360001
24.032 , 1.310005
24.033 , 1.310005
24.034 , 1.299995
24.035 , 1.229996
24.036 , 1.229996
24.038 , 1.220001
24.039 , 1.220001
24.04 , 1.220001
24.041 , 1.18
24.042 , 1.160004
24.043 , 1.139999
24.044 , 1.169998
24.046 , 1.169998
24.047 , 1.169998
24.048 , 1.159996
24.049 , 1.110001
24.05 , 1.089996
24.051 , 1.050003
24.053 , 1.050003
24.054 , 1.060005
24.055 , 1.060005
24.056 , 1.040001
24.057 , 1.020004
24.058 , 1.029999
24.059 , 1.049995
24.061 , 1.040001
24.062 , 0.9899979
24.063 , 0.9899979
24.064 , 1.0
24.065 , 0.9800034
24.066 , 0.9800034
24.068 , 0.9400024
24.069 , 0.9400024
24.07 , 0.9400024
24.071 , 0.8799973
24.072 , 0.8799973
24.074 , 0.8899994
24.075 , 0.8700027
24.076 , 0.8499985
24.077 , 0.8499985
24.078 , 0.8600006
24.08 , 0.8100052
24.081 , 0.7999954
24.082 , 0.7999954
24.083 , 0.7999954
24.084 , 0.75
24.086 , 0.8099976
24.087 , 0.8099976
24.088 , 0.75
24.089 , 0.75
24.09 , 0.75
24.091 , 0.7400055
24.092 , 0.6900024
24.094 , 0.6700058
24.095 , 0.6999969
24.096 , 0.6999969
24.097 , 0.6299973
24.098 , 0.6200027
24.1 , 0.6399994
24.101 , 0.6300049
24.102 , 0.590004
24.103 , 0.6300049
24.104 , 0.590004
24.105 , 0.5999985
24.107 , 0.5699997
24.108 , 0.5800018
24.109 , 0.5599976
24.11 , 0.5599976
24.111 , 0.5
24.113 , 0.5
24.114 , 0.4500046
24.115 , 0.4600067
24.116 , 0.4600067
24.117 , 0.4600067
24.118 , 0.4700012
24.119 , 0.4499969
24.121 , 0.3899994
24.122 , 0.3899994
24.123 , 0.3899994
24.124 , 0.3499985
24.125 , 0.4000015
24.127 , 0.4000015
24.128 , 0.3699951
24.129 , 0.3199997
24.13 , 0.3199997
24.131 , 0.4199982
24.133 , 0.3799973
24.134 , 0.3799973
24.135 , 0.340004
24.136 , 0.3199997
24.137 , 0.340004
24.138 , 0.3300018
24.14 , 0.3300018
24.141 , 0.3399963
24.142 , 0.3199997
24.143 , 0.2699966
24.144 , 0.3399963
24.146 , 0.3300018
24.147 , 0.3300018
24.148 , 0.2900009
24.149 , 0.2900009
24.15 , 0.2900009
24.151 , 0.3000031
24.153 , 0.3000031
24.154 , 0.2100067
24.155 , 0.2200012
24.156 , 0.2900009
24.157 , 0.2200012
24.158 , 0.2300034
24.159 , 0.2300034
24.161 , 0.2300034
24.162 , 0.1900024
24.163 , 0.1900024
24.164 , 0.2400055
24.165 , 0.1999969
24.166 , 0.1999969
24.168 , 0.2600021
24.169 , 0.2099991
24.17 , 0.2099991
24.171 , 0.1900024
24.172 , 0.2000046
24.173 , 0.1800003
24.175 , 0.2100067
24.176 , 0.2100067
24.177 , 0.1900024
24.178 , 0.1999969
24.179 , 0.2200012
24.18 , 0.1999969
24.182 , 0.2099991
24.183 , 0.1600037
24.184 , 0.1600037
24.185 , 0.1700058
24.186 , 0.2200012
24.187 , 0.1500015
24.189 , 0.1800003
24.19 , 0.1800003
24.191 , 0.159996
24.192 , 0.1900024
24.193 , 0.1699982
24.194 , 0.1199951
24.196 , 0.1800003
24.197 , 0.1299973
24.198 , 0.1900024
24.199 , 0.1399994
24.2 , 0.1399994
24.201 , 0.1399994
24.203 , 0.1499939
24.204 , 0.1999969
24.205 , 0.159996
24.206 , 0.159996
24.208 , 0.1699982
24.209 , 0.1699982
24.21 , 0.1500015
24.211 , 0.1500015
24.212 , 0.1399994
24.213 , 0.1399994
24.215 , 0.1500015
24.216 , 0.09999847
24.217 , 0.09999847
24.219 , 0.1600037
24.22 , 0.1600037
24.221 , 0.1100006
24.222 , 0.1200027
24.223 , 0.1000061
24.224 , 0.1200027
24.225 , 0.1299973
24.227 , 0.1100006
24.228 , 0.1200027
24.229 , 0.1200027
24.23 , 0.1200027
24.231 , 0.1200027
24.232 , 0.1300049
24.233 , 0.1300049
24.235 , 0.07000732
24.236 , 0.05000305
24.237 , 0.05000305
24.239 , 0.009994507
24.24 , 0.08000183
24.242 , 0.06999969
24.243 , 0.01999664
24.244 , 0.01999664
24.246 , 0.02999878
24.247 , 0.02999878
24.249 , 0.03999329
24.25 , 0.01999664
24.251 , 0.01999664
24.253 , -0.02000427
24.254 , -0.02000427
24.255 , -0.01000214
24.257 , -0.02999878
24.258 , -0.02999878
24.26 , -0.06999969
24.261 , -0.06999969
24.263 , -0.06000519
24.264 , -0.06000519
24.265 , -0.06999969
24.267 , -0.06999969
24.268 , -0.06999969
24.27 , -0.05999756
24.271 , -0.0799942
24.272 , -0.06999969
24.274 , -0.1200027
24.275 , -0.1100006
24.276 , -0.1100006
24.277 , -0.1300049
24.278 , -0.1300049
24.28 , -0.1699982
24.281 , -0.09999847
24.282 , -0.159996
24.283 , -0.159996
24.285 , -0.1700058
24.286 , -0.1900024
24.287 , -0.1700058
24.288 , -0.1700058
24.289 , -0.1600037
24.291 , -0.1800003
24.292 , -0.2200012
24.293 , -0.2200012
24.294 , -0.2399979
24.295 , -0.2100067
24.296 , -0.2300034
24.298 , -0.2800064
24.299 , -0.2200012
24.3 , -0.2700043
24.301 , -0.2900009
24.302 , -0.2600021
24.303 , -0.2799988
24.305 , -0.2699966
24.306 , -0.2699966
24.307 , -0.2699966
24.308 , -0.3199997
24.309 , -0.2600021
24.311 , -0.3100052
24.312 , -0.3000031
24.313 , -0.3199997
24.314 , -0.3199997
24.315 , -0.340004
24.316 , -0.3300018
24.318 , -0.3799973
24.319 , -0.3699951
24.32 , -0.3699951
24.321 , -0.3699951
24.322 , -0.3800049
24.324 , -0.3600006
24.325 , -0.3800049
24.326 , -0.3700027
24.327 , -0.3700027
24.328 , -0.4199982
24.329 , -0.409996
24.331 , -0.409996
24.332 , -0.4000015
24.333 , -0.4200058
24.334 , -0.4900055
24.335 , -0.4200058
24.337 , -0.4300003
24.338 , -0.4300003
24.339 , -0.4700012
24.34 , -0.4899979
24.341 , -0.4700012
24.342 , -0.409996
24.344 , -0.4599991
24.345 , -0.4599991
24.346 , -0.4700012
24.347 , -0.4700012
24.348 , -0.5200043
24.35 , -0.4599991
24.351 , -0.5100021
24.352 , -0.5199966
24.353 , -0.5199966
24.354 , -0.5199966
24.356 , -0.5300064
24.357 , -0.5300064
24.358 , -0.5300064
24.359 , -0.5699997
24.36 , -0.5699997
24.362 , -0.5599976
24.363 , -0.5599976
24.364 , -0.5599976
24.365 , -0.5800018
24.366 , -0.5699997
24.368 , -0.5699997
24.369 , -0.5400009
24.37 , -0.6100006
24.371 , -0.6300049
24.372 , -0.6200027
24.373 , -0.5999985
24.375 , -0.6200027
24.376 , -0.6100006
24.377 , -0.6500015
24.378 , -0.6100006
24.379 , -0.6700058
24.381 , -0.6700058
24.382 , -0.6600037
24.383 , -0.6600037
24.384 , -0.6600037
24.385 , -0.6600037
24.386 , -0.6699982
24.388 , -0.6699982
24.389 , -0.7099991
24.39 , -0.659996
24.391 , -0.7099991
24.393 , -0.7700043
24.394 , -0.7200012
24.395 , -0.7200012
24.396 , -0.7099991
24.397 , -0.7600021
24.399 , -0.7699966
24.4 , -0.75
24.401 , -0.7699966
24.402 , -0.7699966
24.403 , -0.7599945
24.405 , -0.8299942
24.406 , -0.75
24.407 , -0.8199997
24.408 , -0.8199997
24.409 , -0.8099976
24.41 , -0.8099976
24.412 , -0.8300018
24.413 , -0.8699951
24.414 , -0.8699951
24.415 , -0.8699951
24.416 , -0.8800049
24.418 , -0.8800049
24.419 , -0.9100037
24.42 , -0.8700027
24.421 , -0.8499985
24.422 , -0.8700027
24.424 , -0.9000015
24.425 , -0.9000015
24.426 , -0.8499985
24.427 , -0.9199982
24.428 , -0.8899994
24.43 , -0.9100037
24.431 , -0.8800049
24.432 , -0.9100037
24.433 , -0.9000015
24.434 , -0.9199982
24.435 , -0.9700012
24.437 , -0.9599991
24.438 , -0.9599991
24.439 , -0.9500046
24.44 , -0.9500046
24.441 , -0.9500046
24.443 , -0.9400024
24.444 , -0.8899994
24.445 , -0.9400024
24.446 , -0.8799973
24.447 , -0.9300003
24.449 , -0.9399948
24.45 , -0.9199982
24.451 , -0.9199982
24.452 , -0.9399948
24.453 , -0.9700012
24.455 , -0.9300003
24.456 , -0.9599991
24.457 , -0.9899979
24.458 , -0.9899979
24.459 , -0.9499969
24.461 , -0.9499969
24.462 , -0.9799957
24.463 , -0.9700012
24.464 , -0.9900055
24.466 , -0.9800034
24.467 , -0.9599991
24.468 , -0.9800034
24.469 , -0.9499969
24.47 , -0.9700012
24.472 , -0.9700012
24.473 , -1.009995
24.474 , -0.9599991
24.475 , -1.029999
24.476 , -1.020004
24.478 , -1.0
24.479 , -1.020004
24.48 , -1.010002
24.481 , -1.010002
24.482 , -1.010002
24.483 , -1.0
24.484 , -1.0
24.486 , -0.9699936
24.487 , -1.029999
24.488 , -0.9899979
24.489 , -1.029999
24.49 , -1.020004
24.492 , -1.020004
24.493 , -1.040001
24.494 , -1.010002
24.495 , -1.010002
24.496 , -1.029999
24.497 , -1.029999
24.499 , -1.049995
24.5 , -1.020004
24.501 , -1.020004
24.502 , -1.020004
24.503 , -1.029999
24.512 , -1.059998
24.513 , -1.050003
24.515 , -1.07
24.516 , -1.059998
24.517 , -1.059998
24.518 , -1.059998
24.519 , -1.059998
24.521 , -1.089996
24.522 , -1.049995
24.523 , -1.040001
24.524 , -1.080002
24.525 , -1.040001
24.526 , -1.029999
24.528 , -1.029999
24.529 , -1.029999
24.53 , -1.019997
24.531 , -1.019997
24.532 , -1.089996
24.534 , -1.079994
24.535 , -1.079994
24.536 , -1.110001
24.537 , -1.110001
24.538 , -1.07
24.539 , -1.07
24.541 , -1.099998
24.542 , -1.059998
24.543 , -1.049995
24.544 , -1.119995
24.545 , -1.119995
24.547 , -1.080002
24.548 , -1.110001
24.549 , -1.130005
24.55 , -1.099998
24.551 , -1.120003
24.552 , -1.099998
24.554 , -1.110001
24.555 , -1.110001
24.556 , -1.110001
24.557 , -1.099998
24.558 , -1.099998
24.559 , -1.099998
24.561 , -1.090004
24.562 , -1.090004
24.563 , -1.120003
24.564 , -1.080002
24.565 , -1.120003
24.566 , -1.080002
24.567 , -1.110001
24.569 , -1.07
24.57 , -1.059998
24.571 , -1.099998
24.572 , -1.129997
24.573 , -1.090004
24.575 , -1.120003
24.576 , -1.090004
24.577 , -1.110001
24.578 , -1.080002
24.579 , -1.080002
24.58 , -1.139999
24.582 , -1.07
24.583 , -1.060005
24.584 , -1.060005
24.585 , -1.060005
24.586 , -1.060005
24.587 , -1.050003
24.589 , -1.050003
24.59 , -1.0
24.591 , -1.040001
24.592 , -1.0
24.593 , -1.059998
24.594 , -1.029999
24.595 , -1.029999
24.597 , -1.020004
24.598 , -0.9599991
24.599 , -0.9599991
24.6 , -0.9700012
24.601 , -0.9199982
24.603 , -0.909996
24.604 , -0.909996
24.605 , -0.8699951
24.606 , -0.8399963
24.607 , -0.8300018
24.609 , -0.8300018
24.61 , -0.7600021
24.611 , -0.7099991
24.612 , -0.7099991
24.613 , -0.6800003
24.614 , -0.6800003
24.616 , -0.6100006
24.617 , -0.5799942
24.618 , -0.5299988
24.619 , -0.5099945
24.62 , -0.4700012
24.622 , -0.4100037
24.623 , -0.4000015
24.624 , -0.3499985
24.625 , -0.3300018
24.626 , -0.2600021
24.627 , -0.2299957
24.629 , -0.159996
24.63 , -0.08000183
24.631 , -0.06000519
24.632 , 0.05999756
24.634 , 0.06999969
24.635 , 0.1199951
24.637 , 0.1900024
24.638 , 0.2600021
24.639 , 0.2600021
24.64 , 0.340004
24.641 , 0.3600006
24.642 , 0.4100037
24.644 , 0.5099945
24.645 , 0.5799942
24.646 , 0.6499939
24.647 , 0.659996
24.648 , 0.6999969
24.65 , 0.7799988
24.651 , 0.8300018
24.652 , 0.9000015
24.653 , 0.9000015
24.654 , 1.0
24.655 , 1.070007
24.657 , 1.080002
24.658 , 1.119995
24.659 , 1.189995
24.66 , 1.199997
24.661 , 1.269997
24.663 , 1.32
24.664 , 1.370003
24.665 , 1.420006
24.666 , 1.490005
24.667 , 1.519997
24.668 , 1.539993
24.67 , 1.599998
24.671 , 1.599998
24.672 , 1.599998
24.673 , 1.599998
24.674 , 1.610001
24.676 , 1.610001
24.677 , 1.640007
24.678 , 1.710007
24.679 , 1.730003
24.68 , 1.720001
24.681 , 1.739998
24.682 , 1.720001
24.684 , 1.730003
24.685 , 1.75
24.686 , 1.75
24.687 , 1.760002
24.688 , 1.740005
24.689 , 1.760002
24.691 , 1.769997
24.692 , 1.769997
24.693 , 1.769997
24.694 , 1.779999
24.695 , 1.760002
24.697 , 1.770004
24.698 , 1.75
24.699 , 1.770004
24.7 , 1.760002
24.701 , 1.760002
24.702 , 1.780006
24.704 , 1.790001
24.705 , 1.790001
24.706 , 1.769997
24.707 , 1.779999
24.708 , 1.779999
24.709 , 1.730003
24.711 , 1.790001
24.712 , 1.790001
24.713 , 1.740005
24.714 , 1.75
24.715 , 1.75
24.716 , 1.75
24.717 , 1.689995
24.719 , 1.689995
24.72 , 1.739998
24.721 , 1.68
24.722 , 1.68
24.723 , 1.699997
24.725 , 1.670006
24.726 , 1.670006
24.727 , 1.699997
24.728 , 1.699997
24.729 , 1.68
24.73 , 1.629997
24.732 , 1.639999
24.733 , 1.620003
24.734 , 1.630005
24.735 , 1.630005
24.736 , 1.580002
24.738 , 1.590004
24.739 , 1.590004
24.74 , 1.570007
24.741 , 1.580002
24.742 , 1.559998
24.743 , 1.559998
24.745 , 1.57
24.746 , 1.57
24.747 , 1.529999
24.748 , 1.529999
24.749 , 1.510002
24.75 , 1.529999
24.752 , 1.519997
24.753 , 1.519997
24.754 , 1.529999
24.755 , 1.479996
24.756 , 1.459999
24.758 , 1.419998
24.759 , 1.400002
24.76 , 1.400002
24.761 , 1.43
24.762 , 1.43
24.763 , 1.410004
24.765 , 1.400002
24.766 , 1.400002
24.767 , 1.410004
24.768 , 1.339996
24.769 , 1.339996
24.77 , 1.339996
24.772 , 1.349998
24.773 , 1.300003
24.774 , 1.289993
24.775 , 1.269997
24.776 , 1.269997
24.778 , 1.279999
24.779 , 1.229996
24.78 , 1.229996
24.781 , 1.239998
24.782 , 1.239998
24.783 , 1.239998
24.785 , 1.230003
24.786 , 1.230003
24.787 , 1.18
24.788 , 1.239998
24.789 , 1.189995
24.791 , 1.129997
24.792 , 1.18
24.793 , 1.129997
24.794 , 1.139999
24.795 , 1.120003
24.796 , 1.120003
24.798 , 1.129997
24.799 , 1.109993
24.8 , 1.109993
24.801 , 1.07
24.802 , 1.049995
24.804 , 1.080002
24.805 , 1.010002
24.806 , 1.059998
24.807 , 1.010002
24.808 , 1.020004
24.809 , 1.020004
24.81 , 1.0
24.811 , 1.009995
24.813 , 0.9899979
24.814 , 0.9499969
24.815 , 0.9499969
24.816 , 0.9499969
24.818 , 0.9400024
24.819 , 0.9400024
24.82 , 0.8899994
24.821 , 0.9500046
24.822 , 0.9000015
24.823 , 0.9000015
24.825 , 0.8899994
24.826 , 0.8699951
24.827 , 0.8699951
24.828 , 0.8300018
24.829 , 0.8799973
24.831 , 0.840004
24.832 , 0.8199997
24.833 , 0.8199997
24.834 , 0.8299942
24.836 , 0.7799988
24.837 , 0.7199936
24.838 , 0.7299957
24.839 , 0.7299957
24.84 , 0.6999969
24.842 , 0.7099991
24.843 , 0.7099991
24.844 , 0.7000046
24.845 , 0.7000046
24.846 , 0.7000046
24.847 , 0.7000046
24.849 , 0.7099991
24.85 , 0.659996
24.851 , 0.6699982
24.852 , 0.6500015
24.853 , 0.6500015
24.855 , 0.6100006
24.856 , 0.6100006
24.857 , 0.5699997
24.858 , 0.5799942
24.859 , 0.5799942
24.861 , 0.5899963
24.862 , 0.5899963
24.863 , 0.5400009
24.864 , 0.5400009
24.865 , 0.5500031
24.866 , 0.5500031
24.868 , 0.5400009
24.869 , 0.5400009
24.87 , 0.5400009
24.871 , 0.5499954
24.872 , 0.5
24.873 , 0.5
24.875 , 0.4899979
24.876 , 0.4499969
24.877 , 0.4499969
24.878 , 0.4599991
24.879 , 0.4599991
24.881 , 0.5099945
24.882 , 0.4699936
24.883 , 0.5099945
24.884 , 0.4399948
24.885 , 0.4499969
24.887 , 0.4799957
24.888 , 0.4599991
24.889 , 0.4899979
24.89 , 0.4400024
24.892 , 0.4500046
24.893 , 0.4500046
24.894 , 0.4000015
24.895 , 0.4599991
24.896 , 0.3899994
24.898 , 0.4000015
24.899 , 0.4000015
24.9 , 0.4000015
24.901 , 0.4100037
24.902 , 0.4100037
24.903 , 0.4100037
24.905 , 0.4200058
24.906 , 0.4200058
24.907 , 0.3800049
24.908 , 0.3899994
24.909 , 0.3899994
24.91 , 0.3899994
24.912 , 0.3700027
24.913 , 0.4000015
24.914 , 0.3499985
24.915 , 0.3600006
24.916 , 0.3600006
24.917 , 0.3600006
24.919 , 0.3699951
24.92 , 0.3199997
24.921 , 0.3799973
24.922 , 0.3799973
24.923 , 0.3799973
24.925 , 0.340004
24.926 , 0.3199997
24.927 , 0.3199997
24.928 , 0.3500061
24.929 , 0.3500061
24.931 , 0.3600006
24.932 , 0.3399963
24.933 , 0.2999954
24.934 , 0.2999954
24.935 , 0.3099976
24.937 , 0.3099976
24.938 , 0.2900009
24.939 , 0.3199997
24.94 , 0.3199997
24.941 , 0.2799988
24.943 , 0.3299942
24.944 , 0.2799988
24.945 , 0.3099976
24.946 , 0.3099976
24.947 , 0.2900009
24.949 , 0.3000031
24.95 , 0.3000031
24.951 , 0.3000031
24.952 , 0.2600021
24.953 , 0.2600021
24.954 , 0.2600021
24.956 , 0.2099991
24.957 , 0.2099991
24.958 , 0.1900024
24.959 , 0.2200012
24.96 , 0.1900024
24.961 , 0.1900024
24.963 , 0.2000046
24.964 , 0.2000046
24.965 , 0.2099991
24.966 , 0.2099991
24.967 , 0.2099991
24.969 , 0.1800003
24.97 , 0.1800003
24.971 , 0.1500015
24.972 , 0.1600037
24.973 , 0.1600037
24.974 , 0.1600037
24.976 , 0.1700058
24.977 , 0.1500015
24.978 , 0.08999634
24.979 , 0.159996
24.981 , 0.1199951
24.982 , 0.1299973
24.983 , 0.1299973
24.984 , 0.1299973
24.985 , 0.1100006
24.987 , 0.1100006
24.988 , 0.08000183
24.989 , 0.08000183
24.99 , 0.08000183
24.992 , 0.05999756
24.993 , 0.05999756
24.995 , 0.06999969
24.996 , 0.05000305
24.997 , 0.0
24.999 , -0.009994507
25.0 , 0.01000214
25.001 , 0.01000214
25.003 , 0.01999664
25.004 , 0.01999664
25.006 , 0.02999878
25.007 , 0.01000214
25.008 , 0.02000427
25.01 , -0.04999542
25.011 , -0.06999969
25.012 , -0.05999756
25.014 , -0.05999756
25.015 , -0.02999878
25.017 , -0.05000305
25.018 , -0.1100006
25.019 , -0.04000092
25.021 , -0.1100006
25.022 , -0.0799942
25.023 , -0.09999847
25.025 , -0.09000397
25.026 , -0.09000397
25.027 , -0.1300049
25.029 , -0.08000183
25.03 , -0.1500015
25.031 , -0.1500015
25.032 , -0.1800003
25.033 , -0.1399994
25.035 , -0.1999969
25.036 , -0.1999969
25.037 , -0.1999969
25.038 , -0.1999969
25.039 , -0.2099991
25.041 , -0.1900024
25.042 , -0.2399979
25.043 , -0.1999969
25.044 , -0.1999969
25.045 , -0.2299957
25.047 , -0.2599945
25.048 , -0.2599945
25.049 , -0.25
25.05 , -0.2200012
25.051 , -0.2900009
25.053 , -0.2799988
25.054 , -0.3100052
25.055 , -0.2699966
25.056 , -0.3000031
25.057 , -0.3000031
25.058 , -0.3199997
25.06 , -0.3099976
25.061 , -0.3499985
25.062 , -0.340004
25.063 , -0.3000031
25.064 , -0.340004
25.066 , -0.3600006
25.067 , -0.3600006
25.068 , -0.3600006
25.069 , -0.3499985
25.07 , -0.3899994
25.072 , -0.409996
25.073 , -0.3799973
25.074 , -0.409996
25.075 , -0.4000015
25.076 , -0.4000015
25.078 , -0.4400024
25.079 , -0.4499969
25.08 , -0.4300003
25.081 , -0.4499969
25.082 , -0.4399948
25.083 , -0.4700012
25.085 , -0.4300003
25.086 , -0.5
25.087 , -0.4600067
25.088 , -0.4600067
25.089 , -0.4899979
25.091 , -0.4899979
25.092 , -0.4799957
25.093 , -0.5100021
25.094 , -0.5100021
25.095 , -0.5399933
25.096 , -0.5599976
25.098 , -0.5399933
25.099 , -0.5500031
25.1 , -0.5299988
25.101 , -0.5500031
25.102 , -0.5400009
25.104 , -0.5400009
25.105 , -0.5699997
25.106 , -0.5599976
25.107 , -0.5999985
25.108 , -0.5999985
25.11 , -0.590004
25.111 , -0.590004
25.112 , -0.6100006
25.113 , -0.6100006
25.114 , -0.6100006
25.115 , -0.6500015
25.117 , -0.5999985
25.118 , -0.6699982
25.119 , -0.6800003
25.12 , -0.6299973
25.121 , -0.659996
25.122 , -0.6500015
25.124 , -0.6700058
25.125 , -0.6500015
25.126 , -0.6399994
25.127 , -0.6600037
25.128 , -0.6399994
25.13 , -0.6500015
25.131 , -0.7200012
25.132 , -0.7100067
25.133 , -0.75
25.134 , -0.75
25.135 , -0.75
25.136 , -0.7399979
25.138 , -0.7700043
25.139 , -0.7600021
25.14 , -0.7299957
25.141 , -0.8000031
25.142 , -0.7900009
25.144 , -0.7900009
25.145 , -0.7900009
25.146 , -0.7400055
25.147 , -0.7800064
25.148 , -0.7800064
25.149 , -0.7700043
25.151 , -0.7900009
25.152 , -0.8099976
25.153 , -0.8099976
25.154 , -0.8099976
25.155 , -0.8499985
25.157 , -0.7999954
25.158 , -0.8399963
25.159 , -0.8600006
25.16 , -0.8300018
25.161 , -0.8600006
25.163 , -0.8499985
25.164 , -0.8899994
25.165 , -0.8899994
25.166 , -0.8399963
25.168 , -0.8399963
25.169 , -0.8899994
25.17 , -0.8899994
25.171 , -0.8899994
25.172 , -0.8799973
25.174 , -0.8799973
25.175 , -0.9100037
25.176 , -0.9400024
25.177 , -0.9000015
25.178 , -0.9000015
25.18 , -0.9300003
25.181 , -0.8899994
25.182 , -0.9300003
25.191 , -0.9300003
25.192 , -0.9300003
25.193 , -0.9600067
25.195 , -0.9600067
25.196 , -0.9700012
25.197 , -0.9700012
25.198 , -0.9700012
25.199 , -0.9899979
25.201 , -0.9899979
25.202 , -0.9899979
25.203 , -0.9799957
25.204 , -0.9799957
25.205 , -1.019997
25.207 , -1.010002
25.208 , -0.9700012
25.209 , -0.9599991
25.21 , -1.029999
25.211 , -1.029999
25.212 , -1.0
25.214 , -1.019997
25.215 , -1.019997
25.216 , -1.010002
25.217 , -1.050003
25.218 , -1.070007
25.219 , -1.040001
25.221 , -1.040001
25.222 , -1.040001
25.223 , -1.029999
25.224 , -1.029999
25.225 , -1.029999
25.226 , -1.040001
25.228 , -1.089996
25.229 , -1.080002
25.23 , -1.010002
25.231 , -1.100006
25.232 , -1.100006
25.233 , -1.07
25.235 , -1.07
25.236 , -1.080002
25.237 , -1.110001
25.238 , -1.110001
25.239 , -1.099998
25.24 , -1.07
25.241 , -1.07
25.243 , -1.090004
25.244 , -1.060005
25.245 , -1.090004
25.246 , -1.120003
25.247 , -1.120003
25.248 , -1.120003
25.25 , -1.110001
25.251 , -1.110001
25.252 , -1.110001
25.253 , -1.170006
25.254 , -1.170006
25.255 , -1.170006
25.256 , -1.160004
25.258 , -1.160004
25.259 , -1.160004
25.26 , -1.150002
25.261 , -1.169998
25.262 , -1.169998
25.264 , -1.159996
25.265 , -1.139999
25.266 , -1.130005
25.267 , -1.130005
25.268 , -1.130005
25.269 , -1.130005
25.271 , -1.139999
25.272 , -1.139999
25.273 , -1.129997
25.274 , -1.129997
25.275 , -1.159996
25.277 , -1.150002
25.278 , -1.150002
25.279 , -1.150002
25.28 , -1.18
25.281 , -1.139999
25.282 , -1.18
25.283 , -1.169998
25.285 , -1.129997
25.286 , -1.159996
25.287 , -1.159996
25.288 , -1.119995
25.289 , -1.159996
25.291 , -1.150002
25.292 , -1.150002
25.293 , -1.139999
25.294 , -1.169998
25.295 , -1.169998
25.297 , -1.159996
25.298 , -1.199997
25.299 , -1.220001
25.3 , -1.150002
25.301 , -1.190002
25.302 , -1.190002
25.303 , -1.139999
25.305 , -1.139999
25.306 , -1.129997
25.307 , -1.129997
25.308 , -1.129997
25.309 , -1.099998
25.311 , -1.089996
25.312 , -1.119995
25.313 , -1.080002
25.314 , -1.110001
25.315 , -1.110001
25.316 , -1.07
25.318 , -1.07
25.319 , -1.099998
25.32 , -1.059998
25.321 , -1.019997
25.322 , -0.9899979
25.324 , -0.9599991
25.325 , -0.9599991
25.326 , -0.9500046
25.327 , -0.8800049
25.328 , -0.840004
25.33 , -0.8700027
25.331 , -0.8000031
25.332 , -0.8000031
25.333 , -0.7699966
25.334 , -0.7200012
25.335 , -0.6999969
25.337 , -0.6900024
25.338 , -0.6200027
25.339 , -0.5800018
25.34 , -0.5200043
25.341 , -0.5200043
25.342 , -0.4500046
25.344 , -0.3499985
25.345 , -0.3499985
25.346 , -0.3099976
25.347 , -0.2299957
25.348 , -0.1800003
25.35 , -0.1700058
25.351 , -0.1300049
25.352 , -0.09999847
25.353 , -0.01999664
25.355 , 0.06999969
25.356 , 0.1100006
25.357 , 0.1900024
25.359 , 0.1900024
25.36 , 0.25
25.361 , 0.2899933
25.362 , 0.359993
25.363 , 0.4000015
25.364 , 0.4599991
25.366 , 0.4899979
25.367 , 0.5699997
25.368 , 0.6100006
25.369 , 0.6600037
25.37 , 0.6399994
25.372 , 0.7100067
25.373 , 0.7900009
25.374 , 0.8099976
25.375 , 0.8399963
25.376 , 0.909996
25.378 , 0.9599991
25.379 , 0.9800034
25.38 , 1.040001
25.381 , 1.060005
25.382 , 1.060005
25.383 , 1.139999
25.385 , 1.07
25.386 , 1.159996
25.387 , 1.169998
25.388 , 1.239998
25.39 , 1.279999
25.391 , 1.279999
25.392 , 1.279999
25.393 , 1.330002
25.394 , 1.290001
25.395 , 1.290001
25.397 , 1.299995
25.398 , 1.369995
25.399 , 1.369995
25.4 , 1.379997
25.401 , 1.419998
25.403 , 1.450005
25.404 , 1.43
25.405 , 1.450005
25.406 , 1.43
25.407 , 1.440002
25.408 , 1.460007
25.409 , 1.460007
25.411 , 1.470001
25.412 , 1.449997
25.413 , 1.470001
25.414 , 1.480003
25.415 , 1.480003
25.416 , 1.480003
25.417 , 1.470001
25.419 , 1.490005
25.42 , 1.479996
25.421 , 1.5
25.422 , 1.479996
25.423 , 1.5
25.424 , 1.540001
25.426 , 1.510002
25.427 , 1.550003
25.428 , 1.550003
25.429 , 1.520004
25.43 , 1.560005
25.431 , 1.530006
25.432 , 1.530006
25.434 , 1.540001
25.435 , 1.519997
25.436 , 1.519997
25.437 , 1.489998
25.438 , 1.529999
25.439 , 1.489998
25.441 , 1.540001
25.442 , 1.5
25.443 , 1.540001
25.444 , 1.509995
25.445 , 1.57
25.446 , 1.509995
25.448 , 1.580002
25.449 , 1.559998
25.45 , 1.57
25.451 , 1.529999
25.452 , 1.57
25.454 , 1.540001
25.455 , 1.510002
25.456 , 1.510002
25.457 , 1.519997
25.458 , 1.449997
25.459 , 1.479996
25.461 , 1.459999
25.462 , 1.489998
25.463 , 1.489998
25.464 , 1.470001
25.465 , 1.470001
25.467 , 1.509995
25.468 , 1.479996
25.469 , 1.459999
25.47 , 1.470001
25.471 , 1.470001
25.472 , 1.489998
25.474 , 1.480003
25.475 , 1.480003
25.476 , 1.480003
25.477 , 1.490005
25.478 , 1.380005
25.479 , 1.440002
25.481 , 1.43
25.482 , 1.389999
25.483 , 1.360001
25.484 , 1.400002
25.485 , 1.370003
25.486 , 1.370003
25.488 , 1.410004
25.489 , 1.380005
25.49 , 1.390007
25.491 , 1.370003
25.492 , 1.370003
25.493 , 1.320007
25.494 , 1.309998
25.496 , 1.309998
25.497 , 1.32
25.498 , 1.32
25.499 , 1.279999
25.5 , 1.25
25.502 , 1.220001
25.503 , 1.260002
25.504 , 1.269997
25.505 , 1.269997
25.506 , 1.229996
25.507 , 1.239998
25.509 , 1.209999
25.51 , 1.190002
25.511 , 1.220001
25.512 , 1.200005
25.513 , 1.160004
25.514 , 1.170006
25.515 , 1.170006
25.517 , 1.150002
25.518 , 1.110001
25.519 , 1.110001
25.52 , 1.059998
25.521 , 1.089996
25.522 , 1.089996
25.524 , 1.080002
25.525 , 1.010002
25.526 , 1.010002
25.527 , 0.9799957
25.528 , 0.9499969
25.529 , 0.9499969
25.531 , 0.9599991
25.532 , 0.9199982
25.533 , 0.9000015
25.534 , 0.840004
25.535 , 0.840004
25.536 , 0.8099976
25.538 , 0.8199997
25.539 , 0.8500061
25.54 , 0.8500061
25.541 , 0.8299942
25.542 , 0.7900009
25.544 , 0.8000031
25.545 , 0.7799988
25.546 , 0.75
25.547 , 0.7200012
25.548 , 0.7200012
25.549 , 0.7600021
25.551 , 0.7699966
25.552 , 0.7999954
25.553 , 0.7299957
25.554 , 0.7099991
25.555 , 0.6699982
25.557 , 0.590004
25.558 , 0.6299973
25.559 , 0.5200043
25.56 , 0.5599976
25.561 , 0.5699997
25.562 , 0.6000061
25.564 , 0.6100006
25.565 , 0.5799942
25.566 , 0.5799942
25.567 , 0.5500031
25.568 , 0.5500031
25.57 , 0.4799957
25.571 , 0.4899979
25.572 , 0.4700012
25.573 , 0.4400024
25.574 , 0.4100037
25.576 , 0.4500046
25.577 , 0.3800049
25.578 , 0.4199982
25.579 , 0.3899994
25.58 , 0.3300018
25.582 , 0.3600006
25.583 , 0.340004
25.584 , 0.4100037
25.585 , 0.3700027
25.586 , 0.3199997
25.587 , 0.3199997
25.589 , 0.3299942
25.59 , 0.3299942
25.591 , 0.3399963
25.592 , 0.2999954
25.594 , 0.3099976
25.595 , 0.3099976
25.596 , 0.2399979
25.597 , 0.2799988
25.598 , 0.25
25.6 , 0.2300034
25.601 , 0.2599945
25.602 , 0.2599945
25.603 , 0.2599945
25.604 , 0.25
25.605 , 0.25
25.607 , 0.2200012
25.608 , 0.1900024
25.609 , 0.1900024
25.61 , 0.1900024
25.611 , 0.1999969
25.613 , 0.1699982
25.614 , 0.2099991
25.615 , 0.1800003
25.616 , 0.1399994
25.617 , 0.1800003
25.618 , 0.1900024
25.62 , 0.1500015
25.621 , 0.1399994
25.622 , 0.1600037
25.623 , 0.1399994
25.624 , 0.1699982
25.625 , 0.1499939
25.627 , 0.09999847
25.628 , 0.159996
25.629 , 0.159996
25.63 , 0.1100006
25.632 , 0.09999847
25.633 , 0.09999847
25.634 , 0.109993
25.636 , 0.0799942
25.637 , 0.0799942
25.638 , 0.1199951
25.64 , 0.08999634
25.641 , 0.09999847
25.642 , 0.05999756
25.644 , 0.06999969
25.645 , 0.06999969
25.647 , 0.06999969
25.648 , 0.05999756
25.65 , 0.05999756
25.651 , 0.08999634
25.652 , 0.06999969
25.654 , 0.01999664
25.655 , 0.02999878
25.657 , 0.02999878
25.658 , -0.009994507
25.66 , 0.02000427
25.661 , 0.02999878
25.662 , 0.0
25.664 , 0.04999542
25.665 , 0.01000214
25.666 , 0.04000092
25.668 , 0.02000427
25.669 , 0.02000427
25.67 , -0.01999664
25.672 , 0.02999878
25.673 , -0.04000092
25.675 , -0.02999878
25.676 , -0.06999969
25.677 , -0.02999878
25.679 , -0.08000183
25.68 , -0.05999756
25.682 , -0.009994507
25.683 , -0.1199951
25.684 , -0.04999542
25.686 , -0.06000519
25.687 , -0.1100006
25.688 , -0.05000305
25.69 , -0.05000305
25.691 , -0.08999634
25.692 , -0.08999634
25.694 , -0.1100006
25.695 , -0.1000061
25.696 , -0.1000061
25.697 , -0.1300049
25.699 , -0.09000397
25.7 , -0.1200027
25.701 , -0.1100006
25.702 , -0.1500015
25.703 , -0.1500015
25.705 , -0.1399994
25.706 , -0.1399994
25.707 , -0.159996
25.708 , -0.1500015
25.709 , -0.1500015
25.711 , -0.1399994
25.712 , -0.1900024
25.713 , -0.1399994
25.714 , -0.2099991
25.715 , -0.1999969
25.717 , -0.1999969
25.718 , -0.1900024
25.719 , -0.2200012
25.72 , -0.2200012
25.721 , -0.25
25.722 , -0.2099991
25.724 , -0.25
25.725 , -0.1999969
25.726 , -0.2399979
25.727 , -0.2399979
25.728 , -0.2299957
25.73 , -0.25
25.731 , -0.3199997
25.732 , -0.3100052
25.733 , -0.2400055
25.734 , -0.3100052
25.735 , -0.3300018
25.737 , -0.3300018
25.738 , -0.3199997
25.739 , -0.3199997
25.74 , -0.3600006
25.741 , -0.3600006
25.743 , -0.3499985
25.744 , -0.3099976
25.745 , -0.3600006
25.746 , -0.3000031
25.747 , -0.3600006
25.748 , -0.3499985
25.75 , -0.3499985
25.751 , -0.4000015
25.752 , -0.3899994
25.753 , -0.3899994
25.754 , -0.3899994
25.756 , -0.4500046
25.757 , -0.4000015
25.758 , -0.4400024
25.759 , -0.3899994
25.761 , -0.4400024
25.762 , -0.4700012
25.763 , -0.4499969
25.764 , -0.4700012
25.765 , -0.4599991
25.767 , -0.4399948
25.768 , -0.4300003
25.769 , -0.5
25.77 , -0.4500046
25.771 , -0.4500046
25.772 , -0.4899979
25.774 , -0.4400024
25.775 , -0.4799957
25.776 , -0.5
25.777 , -0.4799957
25.778 , -0.5400009
25.78 , -0.5400009
25.781 , -0.4900055
25.782 , -0.5500031
25.783 , -0.5500031
25.784 , -0.4800034
25.785 , -0.5199966
25.787 , -0.5400009
25.788 , -0.5299988
25.789 , -0.5499954
25.79 , -0.5499954
25.792 , -0.5400009
25.793 , -0.590004
25.794 , -0.590004
25.795 , -0.5800018
25.796 , -0.5999985
25.798 , -0.5899963
25.799 , -0.5899963
25.8 , -0.5899963
25.801 , -0.6399994
25.802 , -0.5800018
25.804 , -0.6500015
25.805 , -0.6200027
25.806 , -0.5699997
25.807 , -0.6200027
25.808 , -0.6399994
25.81 , -0.6299973
25.811 , -0.6800003
25.812 , -0.6199951
25.813 , -0.6699982
25.814 , -0.6699982
25.816 , -0.6800003
25.817 , -0.6800003
25.818 , -0.6800003
25.819 , -0.7399979
25.82 , -0.7399979
25.822 , -0.7299957
25.823 , -0.7299957
25.824 , -0.7299957
25.825 , -0.7199936
25.826 , -0.7199936
25.828 , -0.7399979
25.829 , -0.7300034
25.83 , -0.7799988
25.831 , -0.7799988
25.833 , -0.7699966
25.834 , -0.8099976
25.835 , -0.7999954
25.836 , -0.8299942
25.837 , -0.7999954
25.839 , -0.7900009
25.84 , -0.8600006
25.841 , -0.8199997
25.842 , -0.8099976
25.843 , -0.8099976
25.845 , -0.8399963
25.846 , -0.8399963
25.847 , -0.8399963
25.848 , -0.8399963
25.85 , -0.8299942
25.851 , -0.859993
25.852 , -0.8899994
25.853 , -0.8899994
25.855 , -0.8799973
25.856 , -0.9300003
25.857 , -0.9000015
25.858 , -0.9000015
25.859 , -0.8899994
25.861 , -0.8899994
25.862 , -0.9100037
25.863 , -0.9100037
25.864 , -0.9100037
25.873 , -0.9499969
25.874 , -0.9499969
25.876 , -0.9400024
25.877 , -0.9400024
25.878 , -0.9400024
25.879 , -0.9700012
25.88 , -0.9700012
25.882 , -0.9599991
25.883 , -0.9599991
25.884 , -0.9799957
25.885 , -0.9599991
25.887 , -0.9700012
25.888 , -0.9500046
25.889 , -0.9400024
25.89 , -0.9599991
25.891 , -1.010002
25.893 , -1.0
25.894 , -1.0
25.895 , -1.0
25.896 , -1.009995
25.897 , -1.009995
25.898 , -1.009995
25.9 , -1.030006
25.901 , -1.030006
25.902 , -1.020004
25.903 , -1.059998
25.904 , -1.059998
25.906 , -1.010002
25.907 , -1.049995
25.908 , -1.010002
25.909 , -1.039993
25.91 , -1.039993
25.911 , -1.039993
25.912 , -1.050003
25.914 , -1.050003
25.915 , -1.050003
25.916 , -1.089996
25.917 , -1.089996
25.918 , -1.089996
25.92 , -1.099998
25.921 , -1.099998
25.922 , -1.07
25.923 , -1.07
25.924 , -1.090004
25.926 , -1.080002
25.927 , -1.059998
25.928 , -1.110001
25.929 , -1.07
25.93 , -1.099998
25.931 , -1.099998
25.933 , -1.089996
25.934 , -1.129997
25.935 , -1.129997
25.936 , -1.120003
25.937 , -1.120003
25.938 , -1.139999
25.94 , -1.129997
25.941 , -1.129997
25.942 , -1.119995
25.943 , -1.169998
25.944 , -1.169998
25.946 , -1.110001
25.947 , -1.110001
25.948 , -1.160004
25.949 , -1.150002
25.95 , -1.150002
25.951 , -1.169998
25.953 , -1.159996
25.954 , -1.159996
25.955 , -1.190002
25.956 , -1.18
25.957 , -1.219994
25.959 , -1.170006
25.96 , -1.209999
25.961 , -1.209999
25.962 , -1.240005
25.963 , -1.230003
25.964 , -1.199997
25.966 , -1.220001
25.967 , -1.220001
25.968 , -1.220001
25.969 , -1.18
25.97 , -1.210007
25.971 , -1.210007
25.973 , -1.239998
25.974 , -1.239998
25.975 , -1.239998
25.976 , -1.190002
25.977 , -1.300003
25.979 , -1.290001
25.98 , -1.290001
25.981 , -1.290001
25.982 , -1.239998
25.983 , -1.300003
25.984 , -1.230003
25.986 , -1.270004
25.987 , -1.290001
25.988 , -1.270004
25.989 , -1.260002
25.99 , -1.279999
25.992 , -1.279999
25.993 , -1.269997
25.994 , -1.299995
25.995 , -1.299995
25.996 , -1.330002
25.998 , -1.330002
25.999 , -1.279999
26.0 , -1.32
26.001 , -1.339996
26.002 , -1.32
26.003 , -1.329994
26.005 , -1.309998
26.006 , -1.260002
26.007 , -1.300003
26.008 , -1.300003
26.009 , -1.309998
26.01 , -1.290001
26.012 , -1.309998
26.013 , -1.279999
26.014 , -1.299995
26.015 , -1.349998
26.016 , -1.289993
26.017 , -1.269997
26.019 , -1.330002
26.02 , -1.330002
26.021 , -1.279999
26.022 , -1.260002
26.023 , -1.269997
26.024 , -1.269997
26.026 , -1.239998
26.027 , -1.239998
26.028 , -1.239998
26.029 , -1.230003
26.03 , -1.230003
26.032 , -1.190002
26.033 , -1.150002
26.034 , -1.150002
26.035 , -1.18
26.036 , -1.139999
26.037 , -1.139999
26.038 , -1.07
26.04 , -1.059998
26.041 , -1.039993
26.042 , -1.0
26.043 , -0.9900055
26.044 , -0.8899994
26.045 , -0.8899994
26.047 , -0.8099976
26.048 , -0.7900009
26.049 , -0.8099976
26.05 , -0.7399979
26.052 , -0.7099991
26.053 , -0.6300049
26.054 , -0.6800003
26.055 , -0.6300049
26.056 , -0.5600052
26.057 , -0.5100021
26.059 , -0.5100021
26.06 , -0.4300003
26.061 , -0.3899994
26.062 , -0.3199997
26.063 , -0.2799988
26.065 , -0.2199936
26.066 , -0.1800003
26.067 , -0.1399994
26.068 , -0.1100006
26.069 , 0.0
26.07 , 0.01000214
26.072 , 0.08000183
26.073 , 0.1600037
26.074 , 0.1800003
26.076 , 0.2600021
26.077 , 0.3100052
26.078 , 0.3300018
26.079 , 0.3500061
26.08 , 0.409996
26.081 , 0.4799957
26.083 , 0.4899979
26.084 , 0.4899979
26.085 , 0.5100021
26.086 , 0.590004
26.087 , 0.6100006
26.089 , 0.6100006
26.09 , 0.6699982
26.091 , 0.6899948
26.092 , 0.6899948
26.093 , 0.6999969
26.095 , 0.7399979
26.096 , 0.75
26.097 , 0.75
26.098 , 0.8499985
26.099 , 0.8700027
26.1 , 0.8800049
26.102 , 0.8800049
26.103 , 0.9599991
26.104 , 0.9599991
26.105 , 0.9799957
26.106 , 0.9899979
26.108 , 0.9899979
26.109 , 1.040001
26.11 , 1.050003
26.111 , 1.07
26.112 , 1.110001
26.113 , 1.079994
26.115 , 1.119995
26.116 , 1.129997
26.117 , 1.159996
26.118 , 1.159996
26.119 , 1.159996
26.12 , 1.169998
26.122 , 1.190002
26.123 , 1.200005
26.124 , 1.270004
26.125 , 1.270004
26.126 , 1.310005
26.127 , 1.32
26.129 , 1.32
26.13 , 1.360001
26.131 , 1.330002
26.132 , 1.330002
26.133 , 1.370003
26.134 , 1.370003
26.135 , 1.370003
26.137 , 1.419998
26.138 , 1.449997
26.139 , 1.379997
26.14 , 1.43
26.141 , 1.459999
26.143 , 1.470001
26.144 , 1.470001
26.145 , 1.470001
26.146 , 1.470001
26.147 , 1.480003
26.148 , 1.5
26.149 , 1.480003
26.15 , 1.509995
26.152 , 1.459999
26.153 , 1.5
26.154 , 1.5
26.155 , 1.43
26.156 , 1.470001
26.157 , 1.480003
26.159 , 1.440002
26.16 , 1.490005
26.161 , 1.450005
26.162 , 1.450005
26.163 , 1.459999
26.164 , 1.459999
26.165 , 1.459999
26.167 , 1.470001
26.168 , 1.470001
26.169 , 1.440002
26.17 , 1.450005
26.171 , 1.480003
26.172 , 1.450005
26.174 , 1.419998
26.175 , 1.459999
26.176 , 1.459999
26.177 , 1.360001
26.178 , 1.43
26.179 , 1.360001
26.181 , 1.370003
26.182 , 1.370003
26.183 , 1.360001
26.184 , 1.360001
26.185 , 1.380005
26.186 , 1.380005
26.188 , 1.339996
26.189 , 1.369995
26.19 , 1.349998
26.191 , 1.349998
26.192 , 1.349998
26.194 , 1.32
26.195 , 1.32
26.196 , 1.300003
26.197 , 1.309998
26.198 , 1.259995
26.199 , 1.309998
26.201 , 1.269997
26.202 , 1.269997
26.203 , 1.25
26.204 , 1.279999
26.205 , 1.260002
26.207 , 1.240005
26.208 , 1.240005
26.209 , 1.240005
26.21 , 1.25
26.211 , 1.209999
26.212 , 1.209999
26.213 , 1.209999
26.215 , 1.199997
26.216 , 1.129997
26.217 , 1.139999
26.218 , 1.139999
26.219 , 1.110001
26.22 , 1.079994
26.222 , 1.119995
26.223 , 1.079994
26.224 , 1.129997
26.225 , 1.129997
26.226 , 1.089996
26.228 , 1.099998
26.229 , 1.029999
26.23 , 1.090004
26.231 , 1.040001
26.232 , 1.040001
26.233 , 1.020004
26.234 , 0.9799957
26.236 , 0.9599991
26.237 , 0.9899979
26.238 , 0.9700012
26.239 , 0.9899979
26.24 , 0.9599991
26.242 , 0.9599991
26.243 , 0.9599991
26.244 , 0.9900055
26.245 , 0.9200058
26.246 , 0.9200058
26.247 , 0.909996
26.249 , 0.909996
26.25 , 0.8700027
26.251 , 0.8700027
26.252 , 0.8499985
26.253 , 0.8300018
26.254 , 0.840004
26.256 , 0.7900009
26.257 , 0.7799988
26.258 , 0.7299957
26.259 , 0.7799988
26.261 , 0.7900009
26.262 , 0.7399979
26.263 , 0.7200012
26.264 , 0.7300034
26.265 , 0.7300034
26.266 , 0.6800003
26.268 , 0.6700058
26.269 , 0.6700058
26.27 , 0.659996
26.271 , 0.659996
26.272 , 0.6100006
26.274 , 0.5999985
26.275 , 0.5999985
26.276 , 0.5500031
26.277 , 0.5200043
26.278 , 0.5200043
26.28 , 0.4900055
26.281 , 0.5
26.282 , 0.5
26.283 , 0.5299988
26.284 , 0.4700012
26.285 , 0.5100021
26.286 , 0.4700012
26.288 , 0.4800034
26.289 , 0.4500046
26.29 , 0.4100037
26.291 , 0.4600067
26.292 , 0.4000015
26.293 , 0.4000015
26.295 , 0.409996
26.296 , 0.3799973
26.297 , 0.3899994
26.298 , 0.3199997
26.3 , 0.3499985
26.301 , 0.3300018
26.302 , 0.2900009
26.303 , 0.3600006
26.304 , 0.3699951
26.305 , 0.3399963
26.306 , 0.3399963
26.308 , 0.2900009
26.309 , 0.3499985
26.31 , 0.3099976
26.311 , 0.3000031
26.312 , 0.3000031
26.313 , 0.3000031
26.315 , 0.2600021
26.316 , 0.2600021
26.317 , 0.25
26.318 , 0.25
26.319 , 0.25
26.32 , 0.2199936
26.322 , 0.2299957
26.323 , 0.2600021
26.324 , 0.2000046
26.325 , 0.2399979
26.326 , 0.2399979
26.327 , 0.2100067
26.329 , 0.1900024
26.33 , 0.2100067
26.331 , 0.1999969
26.332 , 0.1500015
26.333 , 0.1500015
26.335 , 0.2099991
26.336 , 0.1600037
26.337 , 0.1700058
26.338 , 0.1500015
26.339 , 0.1500015
26.34 , 0.1500015
26.341 , 0.1299973
26.343 , 0.159996
26.344 , 0.1399994
26.345 , 0.1699982
26.346 , 0.1399994
26.347 , 0.1100006
26.349 , 0.1500015
26.35 , 0.1100006
26.351 , 0.1000061
26.352 , 0.1000061
26.353 , 0.1000061
26.354 , 0.1100006
26.355 , 0.1100006
26.357 , 0.1100006
26.358 , 0.06999969
26.359 , 0.05000305
26.361 , 0.08000183
26.362 , 0.08000183
26.363 , 0.06000519
26.365 , 0.06999969
26.366 , 0.06999969
26.367 , 0.03999329
26.369 , 0.04999542
26.37 , 0.04999542
26.372 , 0.05999756
26.373 , 0.02000427
26.375 , 0.03000641
26.376 , 0.03000641
26.377 , 0.0
26.378 , 0.009994507
26.38 , 0.009994507
26.381 , -0.01999664
26.383 , 0.01999664
26.384 , 0.02999878
26.386 , 0.02999878
26.387 , -0.009994507
26.389 , 0.0
26.39 , 0.0
26.391 , 0.01000214
26.392 , 0.01000214
26.394 , 0.0
26.395 , -0.05000305
26.396 , -0.05000305
26.397 , -0.09999847
26.399 , -0.04000092
26.4 , -0.04000092
26.402 , -0.03000641
26.403 , -0.03000641
26.404 , -0.04000092
26.406 , -0.02000427
26.407 , -0.02000427
26.408 , -0.02999878
26.41 , -0.05999756
26.411 , -0.04999542
26.413 , -0.08999634
26.414 , -0.09999847
26.416 , -0.09999847
26.417 , -0.1500015
26.418 , -0.08999634
26.42 , -0.1399994
26.421 , -0.0799942
26.422 , -0.0799942
26.424 , -0.06999969
26.425 , -0.1200027
26.426 , -0.1200027
26.427 , -0.1200027
26.429 , -0.1299973
26.43 , -0.1299973
26.431 , -0.1199951
26.432 , -0.1500015
26.433 , -0.1900024
26.434 , -0.1500015
26.436 , -0.109993
26.437 , -0.1800003
26.438 , -0.1700058
26.439 , -0.2400055
26.44 , -0.1900024
26.441 , -0.1600037
26.443 , -0.1800003
26.444 , -0.1800003
26.445 , -0.2200012
26.446 , -0.2200012
26.447 , -0.2200012
26.448 , -0.2100067
26.45 , -0.2100067
26.451 , -0.2200012
26.452 , -0.2700043
26.453 , -0.2000046
26.454 , -0.2700043
26.455 , -0.2600021
26.457 , -0.2600021
26.458 , -0.2699966
26.459 , -0.2699966
26.46 , -0.2699966
26.461 , -0.2600021
26.463 , -0.2600021
26.464 , -0.2799988
26.465 , -0.25
26.466 , -0.25
26.467 , -0.25
26.468 , -0.2599945
26.47 , -0.2599945
26.471 , -0.25
26.472 , -0.3200073
26.473 , -0.3000031
26.474 , -0.3200073
26.475 , -0.3100052
26.477 , -0.3100052
26.478 , -0.3499985
26.479 , -0.3499985
26.48 , -0.3499985
26.481 , -0.3600006
26.483 , -0.3600006
26.484 , -0.3399963
26.485 , -0.3700027
26.486 , -0.3300018
26.487 , -0.3500061
26.489 , -0.340004
26.49 , -0.3600006
26.491 , -0.3499985
26.492 , -0.3499985
26.493 , -0.4199982
26.495 , -0.3899994
26.496 , -0.409996
26.497 , -0.409996
26.498 , -0.4000015
26.499 , -0.4000015
26.501 , -0.3899994
26.502 , -0.4400024
26.503 , -0.4599991
26.504 , -0.4599991
26.505 , -0.4499969
26.507 , -0.4499969
26.508 , -0.4400024
26.509 , -0.4600067
26.51 , -0.4400024
26.511 , -0.5100021
26.512 , -0.5
26.514 , -0.4500046
26.515 , -0.5100021
26.516 , -0.4899979
26.517 , -0.5100021
26.518 , -0.5
26.52 , -0.5499954
26.521 , -0.5499954
26.522 , -0.4900055
26.523 , -0.5400009
26.524 , -0.5400009
26.525 , -0.5299988
26.527 , -0.5299988
26.528 , -0.5199966
26.529 , -0.5899963
26.53 , -0.5400009
26.532 , -0.5800018
26.533 , -0.5300064
26.534 , -0.6000061
26.535 , -0.590004
26.536 , -0.6100006
26.537 , -0.6100006
26.539 , -0.5999985
26.54 , -0.5999985
26.541 , -0.6500015
26.542 , -0.6399994
26.543 , -0.5899963
26.553 , -0.6999969
26.554 , -0.6800003
26.555 , -0.6700058
26.556 , -0.6900024
26.557 , -0.6900024
26.559 , -0.6800003
26.56 , -0.6800003
26.561 , -0.7000046
26.562 , -0.6699982
26.563 , -0.6900024
26.564 , -0.6900024
26.566 , -0.6800003
26.567 , -0.6800003
26.568 , -0.7400055
26.569 , -0.6700058
26.57 , -0.7400055
26.572 , -0.7099991
26.573 , -0.7300034
26.574 , -0.7300034
26.575 , -0.6999969
26.576 , -0.7200012
26.578 , -0.7599945
26.579 , -0.7599945
26.58 , -0.7799988
26.581 , -0.7599945
26.583 , -0.75
26.584 , -0.7700043
26.585 , -0.7399979
26.586 , -0.7600021
26.587 , -0.6900024
26.588 , -0.75
26.59 , -0.75
26.591 , -0.7699966
26.592 , -0.8100052
26.593 , -0.7400055
26.594 , -0.8100052
26.596 , -0.75
26.597 , -0.75
26.598 , -0.75
26.599 , -0.7900009
26.6 , -0.7900009
26.601 , -0.8099976
26.603 , -0.7999954
26.604 , -0.7999954
26.605 , -0.7900009
26.606 , -0.7900009
26.607 , -0.840004
26.609 , -0.8300018
26.61 , -0.7799988
26.611 , -0.8300018
26.612 , -0.8199997
26.613 , -0.8199997
26.615 , -0.8300018
26.616 , -0.8300018
26.617 , -0.8300018
26.618 , -0.8800049
26.619 , -0.8700027
26.62 , -0.8700027
26.622 , -0.8099976
26.623 , -0.8600006
26.624 , -0.8799973
26.625 , -0.8699951
26.626 , -0.8499985
26.628 , -0.8499985
26.629 , -0.8600006
26.63 , -0.8600006
26.631 , -0.8800049
26.632 , -0.8700027
26.634 , -0.8700027
26.635 , -0.909996
26.636 , -0.8600006
26.637 , -0.9300003
26.638 , -0.909996
26.64 , -0.9000015
26.641 , -0.8500061
26.642 , -0.9100037
26.643 , -0.8899994
26.644 , -0.8899994
26.646 , -0.8799973
26.647 , -0.8799973
26.648 , -0.9000015
26.649 , -0.8699951
26.65 , -0.8899994
26.652 , -0.8800049
26.653 , -0.9300003
26.654 , -0.9300003
26.655 , -0.9599991
26.656 , -0.9400024
26.658 , -0.9599991
26.659 , -0.9499969
26.66 , -0.9499969
26.661 , -0.9499969
26.663 , -0.9399948
26.664 , -0.9399948
26.665 , -0.9300003
26.666 , -0.9300003
26.667 , -0.9300003
26.668 , -0.9800034
26.67 , -0.9700012
26.671 , -0.9700012
26.672 , -0.9599991
26.673 , -0.9799957
26.674 , -1.029999
26.676 , -1.020004
26.677 , -1.020004
26.678 , -1.020004
26.679 , -0.9599991
26.68 , -1.029999
26.681 , -1.010002
26.683 , -1.019997
26.684 , -1.0
26.685 , -1.0
26.686 , -1.009995
26.687 , -1.009995
26.688 , -1.059998
26.69 , -1.050003
26.691 , -1.0
26.692 , -1.059998
26.693 , -1.040001
26.694 , -1.059998
26.696 , -1.049995
26.697 , -1.07
26.698 , -1.049995
26.699 , -1.110001
26.7 , -1.040001
26.701 , -1.040001
26.703 , -1.050003
26.704 , -1.029999
26.705 , -1.050003
26.706 , -1.040001
26.707 , -1.040001
26.708 , -1.019997
26.71 , -1.009995
26.711 , -1.009995
26.712 , -1.020004
26.713 , -1.020004
26.714 , -1.07
26.715 , -1.0
26.717 , -1.059998
26.718 , -1.080002
26.719 , -1.049995
26.72 , -1.07
26.721 , -1.049995
26.723 , -1.060005
26.724 , -1.040001
26.725 , -1.040001
26.726 , -1.029999
26.727 , -1.050003
26.728 , -1.050003
26.73 , -1.040001
26.731 , -1.040001
26.732 , -1.079994
26.733 , -1.029999
26.734 , -1.079994
26.735 , -1.029999
26.737 , -1.020004
26.738 , -1.020004
26.739 , -1.059998
26.74 , -1.010002
26.741 , -1.010002
26.742 , -1.0
26.744 , -1.0
26.745 , -1.0
26.746 , -0.9699936
26.747 , -0.9199982
26.748 , -0.9199982
26.75 , -0.9100037
26.751 , -0.8899994
26.752 , -0.9100037
26.753 , -0.8799973
26.754 , -0.8799973
26.756 , -0.8499985
26.757 , -0.7999954
26.758 , -0.7799988
26.759 , -0.7700043
26.76 , -0.7000046
26.762 , -0.7000046
26.763 , -0.6200027
26.764 , -0.6200027
26.765 , -0.5500031
26.766 , -0.5400009
26.768 , -0.5199966
26.769 , -0.4599991
26.77 , -0.4199982
26.771 , -0.3499985
26.773 , -0.340004
26.774 , -0.340004
26.775 , -0.2700043
26.776 , -0.1900024
26.777 , -0.1699982
26.778 , -0.1200027
26.78 , -0.08999634
26.781 , -0.01999664
26.782 , 0.0
26.784 , 0.1299973
26.785 , 0.1299973
26.786 , 0.1800003
26.787 , 0.25
26.788 , 0.2999954
26.789 , 0.3300018
26.791 , 0.3300018
26.792 , 0.4000015
26.793 , 0.4300003
26.794 , 0.4800034
26.795 , 0.4800034
26.796 , 0.5099945
26.798 , 0.5599976
26.799 , 0.5699997
26.8 , 0.6100006
26.801 , 0.659996
26.803 , 0.6900024
26.804 , 0.6900024
26.805 , 0.7400055
26.806 , 0.7899933
26.807 , 0.8399963
26.809 , 0.7999954
26.81 , 0.8499985
26.811 , 0.9199982
26.812 , 0.9199982
26.813 , 0.9499969
26.815 , 0.9499969
26.816 , 1.0
26.817 , 1.0
26.818 , 1.030006
26.819 , 1.040001
26.82 , 1.110001
26.822 , 1.110001
26.823 , 1.139999
26.824 , 1.139999
26.825 , 1.18
26.826 , 1.190002
26.827 , 1.220001
26.829 , 1.239998
26.83 , 1.300003
26.831 , 1.25
26.832 , 1.300003
26.833 , 1.309998
26.834 , 1.309998
26.836 , 1.340004
26.837 , 1.340004
26.838 , 1.379997
26.839 , 1.379997
26.84 , 1.389999
26.841 , 1.389999
26.843 , 1.399994
26.844 , 1.469994
26.845 , 1.469994
26.846 , 1.479996
26.847 , 1.440002
26.849 , 1.479996
26.85 , 1.489998
26.851 , 1.419998
26.852 , 1.450005
26.853 , 1.43
26.854 , 1.460007
26.856 , 1.470001
26.857 , 1.439995
26.858 , 1.400002
26.859 , 1.439995
26.86 , 1.449997
26.862 , 1.449997
26.863 , 1.490005
26.864 , 1.459999
26.865 , 1.459999
26.866 , 1.469994
26.868 , 1.469994
26.869 , 1.469994
26.87 , 1.440002
26.871 , 1.440002
26.872 , 1.419998
26.873 , 1.43
26.875 , 1.43
26.876 , 1.440002
26.877 , 1.370003
26.878 , 1.440002
26.879 , 1.370003
26.88 , 1.399994
26.882 , 1.379997
26.883 , 1.409996
26.884 , 1.389999
26.885 , 1.389999
26.886 , 1.400002
26.888 , 1.400002
26.889 , 1.370003
26.89 , 1.339996
26.891 , 1.339996
26.892 , 1.339996
26.894 , 1.330002
26.895 , 1.349998
26.896 , 1.290001
26.897 , 1.290001
26.898 , 1.340004
26.899 , 1.290001
26.901 , 1.300003
26.902 , 1.280006
26.903 , 1.290001
26.904 , 1.290001
26.905 , 1.290001
26.906 , 1.290001
26.907 , 1.269997
26.909 , 1.269997
26.91 , 1.239998
26.911 , 1.220001
26.912 , 1.239998
26.913 , 1.18
26.915 , 1.230003
26.916 , 1.18
26.917 , 1.169998
26.918 , 1.169998
26.919 , 1.119995
26.92 , 1.129997
26.922 , 1.129997
26.923 , 1.139999
26.924 , 1.190002
26.925 , 1.120003
26.926 , 1.120003
26.927 , 1.129997
26.929 , 1.129997
26.93 , 1.120003
26.931 , 1.120003
26.932 , 1.049995
26.933 , 1.059998
26.934 , 1.010002
26.936 , 1.010002
26.937 , 1.020004
26.938 , 1.0
26.939 , 1.0
26.94 , 1.009995
26.941 , 1.009995
26.942 , 0.9899979
26.944 , 1.0
26.945 , 0.9499969
26.946 , 0.9499969
26.947 , 0.9400024
26.949 , 0.9400024
26.95 , 0.8999939
26.951 , 0.9499969
26.952 , 0.8799973
26.953 , 0.8899994
26.955 , 0.8699951
26.956 , 0.8699951
26.957 , 0.8300018
26.958 , 0.8099976
26.959 , 0.8099976
26.961 , 0.7700043
26.962 , 0.8199997
26.963 , 0.7599945
26.964 , 0.7799988
26.966 , 0.7599945
26.967 , 0.7699966
26.968 , 0.7200012
26.969 , 0.6999969
26.971 , 0.6900024
26.972 , 0.7099991
26.973 , 0.6999969
26.974 , 0.6999969
26.975 , 0.5799942
26.976 , 0.5799942
26.978 , 0.5899963
26.979 , 0.5899963
26.98 , 0.5800018
26.981 , 0.5800018
26.983 , 0.5599976
26.984 , 0.5699997
26.985 , 0.5699997
26.986 , 0.5200043
26.987 , 0.5799942
26.989 , 0.5099945
26.99 , 0.5199966
26.991 , 0.4700012
26.992 , 0.4499969
26.993 , 0.4499969
26.995 , 0.4400024
26.996 , 0.4599991
26.997 , 0.4500046
26.998 , 0.3800049
26.999 , 0.3800049
27.001 , 0.409996
27.002 , 0.3899994
27.003 , 0.3399963
27.004 , 0.4000015
27.005 , 0.3499985
27.007 , 0.340004
27.008 , 0.2900009
27.009 , 0.340004
27.01 , 0.2999954
27.011 , 0.3499985
27.012 , 0.2999954
27.014 , 0.2900009
27.015 , 0.2699966
27.016 , 0.2699966
27.017 , 0.2300034
27.018 , 0.2799988
27.02 , 0.2400055
27.021 , 0.2400055
27.022 , 0.2400055
27.023 , 0.2200012
27.024 , 0.1800003
27.025 , 0.2299957
27.026 , 0.2299957
27.028 , 0.2399979
27.029 , 0.1900024
27.03 , 0.2000046
27.031 , 0.2000046
27.032 , 0.1800003
27.034 , 0.1699982
27.035 , 0.1699982
27.036 , 0.1699982
27.037 , 0.1299973
27.038 , 0.1299973
27.04 , 0.1399994
27.041 , 0.1399994
27.042 , 0.1399994
27.043 , 0.1399994
27.044 , 0.1500015
27.045 , 0.1300049
27.047 , 0.159996
27.048 , 0.1399994
27.049 , 0.08999634
27.05 , 0.09999847
27.052 , 0.09999847
27.053 , 0.08000183
27.055 , 0.1100006
27.056 , 0.09000397
27.057 , 0.04999542
27.059 , 0.04999542
27.06 , 0.04999542
27.061 , 0.05999756
27.063 , 0.1100006
27.064 , 0.06999969
27.065 , 0.06999969
27.067 , 0.06000519
27.068 , 0.06000519
27.07 , 0.06000519
27.071 , 0.06999969
27.072 , 0.04999542
27.074 , 0.05999756
27.075 , 0.05999756
27.077 , 0.06999969
27.078 , 0.02000427
27.079 , 0.02000427
27.081 , 0.03000641
27.082 , 0.01000214
27.083 , 0.08000183
27.085 , 0.04000092
27.086 , 0.04000092
27.088 , -0.01999664
27.089 , 0.02999878
27.09 , -0.01999664
27.092 , -0.009994507
27.093 , -0.009994507
27.095 , 0.0
27.096 , -0.02000427
27.097 , -0.02999878
27.099 , -0.02999878
27.1 , -0.02999878
27.102 , -0.01999664
27.103 , -0.06999969
27.104 , -0.009994507
27.106 , -0.05999756
27.107 , -0.06999969
27.109 , -0.06999969
27.11 , -0.05000305
27.111 , -0.05999756
27.113 , -0.05999756
27.114 , -0.04999542
27.116 , -0.09999847
27.117 , -0.1100006
27.118 , -0.09000397
27.119 , -0.1100006
27.121 , -0.09999847
27.122 , -0.08000183
27.123 , -0.09999847
27.125 , -0.08999634
27.126 , -0.08999634
27.128 , -0.0799942
27.129 , -0.0799942
27.13 , -0.09999847
27.132 , -0.06999969
27.133 , -0.09000397
27.135 , -0.1500015
27.136 , -0.1299973
27.137 , -0.1299973
27.138 , -0.1399994
27.14 , -0.1399994
27.141 , -0.1100006
27.142 , -0.1100006
27.143 , -0.1300049
27.144 , -0.1200027
27.145 , -0.1200027
27.147 , -0.1200027
27.148 , -0.1100006
27.149 , -0.159996
27.15 , -0.1800003
27.151 , -0.1499939
27.153 , -0.1699982
27.154 , -0.1600037
27.155 , -0.2099991
27.156 , -0.2300034
27.157 , -0.2099991
27.158 , -0.2200012
27.16 , -0.2200012
27.161 , -0.1899948
27.162 , -0.2099991
27.163 , -0.2099991
27.164 , -0.1799927
27.166 , -0.1999969
27.167 , -0.1799927
27.168 , -0.2099991
27.169 , -0.1900024
27.17 , -0.2600021
27.172 , -0.25
27.173 , -0.1999969
27.174 , -0.2399979
27.175 , -0.2599945
27.176 , -0.2399979
27.178 , -0.2300034
27.179 , -0.25
27.18 , -0.3000031
27.181 , -0.2399979
27.182 , -0.2399979
27.184 , -0.2299957
27.185 , -0.2299957
27.186 , -0.2799988
27.187 , -0.2999954
27.188 , -0.2699966
27.19 , -0.2899933
27.191 , -0.2799988
27.192 , -0.2600021
27.193 , -0.2799988
27.194 , -0.2699966
27.196 , -0.2900009
27.197 , -0.2900009
27.198 , -0.3299942
27.199 , -0.3299942
27.2 , -0.3299942
27.202 , -0.3199997
27.203 , -0.340004
27.204 , -0.3300018
27.205 , -0.3300018
27.206 , -0.3300018
27.208 , -0.3700027
27.209 , -0.3199997
27.21 , -0.3700027
27.211 , -0.3799973
27.212 , -0.3600006
27.213 , -0.3799973
27.215 , -0.3700027
27.216 , -0.3500061
27.217 , -0.3899994
27.218 , -0.4300003
27.219 , -0.3799973
27.221 , -0.3699951
27.222 , -0.3699951
27.223 , -0.3499985
27.224 , -0.4199982
27.225 , -0.4100037
27.227 , -0.4300003
27.228 , -0.4199982
27.229 , -0.4700012
27.23 , -0.4700012
27.231 , -0.409996
27.24 , -0.5
27.242 , -0.4899979
27.243 , -0.4899979
27.244 , -0.4899979
27.245 , -0.5100021
27.246 , -0.4799957
27.248 , -0.4699936
27.249 , -0.5
27.25 , -0.4699936
27.251 , -0.4599991
27.252 , -0.5100021
27.254 , -0.4900055
27.255 , -0.5
27.256 , -0.5
27.257 , -0.5500031
27.258 , -0.5400009
27.259 , -0.5400009
27.26 , -0.5599976
27.262 , -0.5300064
27.263 , -0.5300064
27.264 , -0.5500031
27.265 , -0.5400009
27.266 , -0.5400009
27.268 , -0.5299988
27.269 , -0.5299988
27.27 , -0.5299988
27.271 , -0.5699997
27.272 , -0.5899963
27.274 , -0.5899963
27.275 , -0.5999985
27.276 , -0.5999985
27.277 , -0.5999985
27.279 , -0.5899963
27.28 , -0.5699997
27.281 , -0.6299973
27.282 , -0.6299973
27.284 , -0.5799942
27.285 , -0.5699997
27.286 , -0.6600037
27.287 , -0.6600037
27.288 , -0.6100006
27.289 , -0.6500015
27.291 , -0.5999985
27.292 , -0.6399994
27.293 , -0.6399994
27.294 , -0.6900024
27.296 , -0.6999969
27.297 , -0.6299973
27.298 , -0.6900024
27.299 , -0.6900024
27.3 , -0.6700058
27.302 , -0.6800003
27.303 , -0.6800003
27.304 , -0.6800003
27.305 , -0.6699982
27.306 , -0.6699982
27.307 , -0.6699982
27.309 , -0.7100067
27.31 , -0.7100067
27.311 , -0.7100067
27.312 , -0.7000046
27.313 , -0.7200012
27.314 , -0.7200012
27.316 , -0.7099991
27.317 , -0.7099991
27.318 , -0.6999969
27.319 , -0.6999969
27.321 , -0.7199936
27.322 , -0.6900024
27.323 , -0.7099991
27.324 , -0.7099991
27.325 , -0.6999969
27.327 , -0.6999969
27.328 , -0.6699982
27.329 , -0.6699982
27.33 , -0.8099976
27.331 , -0.6899948
27.333 , -0.659996
27.334 , -0.7299957
27.335 , -0.7200012
27.336 , -0.7200012
27.338 , -0.7099991
27.339 , -0.8000031
27.34 , -0.7799988
27.341 , -0.7099991
27.342 , -0.6999969
27.344 , -0.7900009
27.345 , -0.7600021
27.346 , -0.7600021
27.347 , -0.7600021
27.348 , -0.75
27.349 , -0.75
27.351 , -0.7700043
27.352 , -0.7799988
27.353 , -0.7600021
27.354 , -0.7799988
27.355 , -0.75
27.357 , -0.8199997
27.358 , -0.7600021
27.359 , -0.8100052
27.36 , -0.8100052
27.361 , -0.7600021
27.362 , -0.8000031
27.364 , -0.8199997
27.365 , -0.7900009
27.366 , -0.7900009
27.367 , -0.7900009
27.368 , -0.7800064
27.37 , -0.8000031
27.371 , -0.8000031
27.372 , -0.7900009
27.373 , -0.7900009
27.374 , -0.840004
27.376 , -0.7799988
27.377 , -0.8300018
27.378 , -0.8499985
27.379 , -0.8399963
27.38 , -0.8199997
27.382 , -0.8300018
27.383 , -0.8500061
27.384 , -0.8300018
27.385 , -0.8199997
27.386 , -0.8199997
27.388 , -0.840004
27.389 , -0.8099976
27.39 , -0.8099976
27.391 , -0.8799973
27.393 , -0.8200073
27.394 , -0.8700027
27.395 , -0.8600006
27.396 , -0.8800049
27.397 , -0.8800049
27.399 , -0.8700027
27.4 , -0.9199982
27.401 , -0.8700027
27.402 , -0.909996
27.403 , -0.909996
27.405 , -0.8500061
27.406 , -0.8500061
27.407 , -0.9000015
27.408 , -0.9000015
27.409 , -0.8899994
27.41 , -0.8899994
27.412 , -0.9000015
27.413 , -0.9000015
27.414 , -0.9000015
27.415 , -0.9399948
27.416 , -0.9399948
27.418 , -0.9399948
27.419 , -0.9300003
27.42 , -0.9300003
27.421 , -0.9300003
27.422 , -0.9400024
27.423 , -0.9400024
27.425 , -0.909996
27.426 , -0.909996
27.427 , -0.909996
27.428 , -0.909996
27.429 , -0.9200058
27.431 , -0.9900055
27.432 , -0.9300003
27.433 , -0.9800034
27.434 , -0.9800034
27.435 , -0.9899979
27.437 , -0.9899979
27.438 , -0.9700012
27.439 , -0.9599991
27.44 , -0.9799957
27.441 , -0.9599991
27.443 , -0.9700012
27.444 , -0.9500046
27.445 , -0.9400024
27.446 , -0.8899994
27.447 , -0.9400024
27.449 , -0.9300003
27.45 , -0.9300003
27.451 , -0.9300003
27.452 , -0.9400024
27.453 , -0.9400024
27.454 , -0.9200058
27.456 , -0.9300003
27.457 , -0.9100037
27.458 , -0.9300003
27.459 , -0.9000015
27.46 , -0.9000015
27.462 , -0.8899994
27.463 , -0.8399963
27.464 , -0.8399963
27.465 , -0.8199997
27.466 , -0.7900009
27.468 , -0.8100052
27.469 , -0.7099991
27.47 , -0.7799988
27.471 , -0.7099991
27.472 , -0.6999969
27.474 , -0.6999969
27.475 , -0.6500015
27.476 , -0.6200027
27.477 , -0.5700073
27.478 , -0.5500031
27.48 , -0.5200043
27.481 , -0.4700012
27.482 , -0.3899994
27.483 , -0.3899994
27.484 , -0.3700027
27.486 , -0.3399963
27.487 , -0.2699966
27.488 , -0.1999969
27.489 , -0.1900024
27.49 , -0.1700058
27.492 , -0.09000397
27.493 , 0.0
27.494 , 0.0
27.495 , 0.05000305
27.497 , 0.08000183
27.498 , 0.1699982
27.499 , 0.2300034
27.5 , 0.25
27.502 , 0.3300018
27.503 , 0.2900009
27.504 , 0.3499985
27.505 , 0.4199982
27.506 , 0.4800034
27.507 , 0.4800034
27.509 , 0.5299988
27.51 , 0.5800018
27.511 , 0.5800018
27.512 , 0.6100006
27.513 , 0.659996
27.515 , 0.659996
27.516 , 0.6900024
27.517 , 0.7099991
27.518 , 0.7600021
27.519 , 0.7700043
27.521 , 0.7900009
27.522 , 0.8700027
27.523 , 0.9400024
27.524 , 0.890007
27.525 , 0.9400024
27.526 , 0.9700012
27.528 , 1.019997
27.529 , 1.029999
27.53 , 1.050003
27.531 , 1.050003
27.532 , 1.099998
27.533 , 1.110001
27.534 , 1.110001
27.536 , 1.139999
27.537 , 1.159996
27.538 , 1.159996
27.539 , 1.150002
27.54 , 1.169998
27.541 , 1.169998
27.543 , 1.230003
27.544 , 1.230003
27.545 , 1.25
27.546 , 1.260002
27.547 , 1.260002
27.548 , 1.330002
27.55 , 1.269997
27.551 , 1.32
27.552 , 1.269997
27.553 , 1.279999
27.554 , 1.260002
27.555 , 1.260002
27.557 , 1.290001
27.558 , 1.290001
27.559 , 1.279999
27.56 , 1.279999
27.561 , 1.299995
27.563 , 1.309998
27.564 , 1.290001
27.565 , 1.309998
27.566 , 1.32
27.567 , 1.32
27.569 , 1.330002
27.57 , 1.310005
27.571 , 1.310005
27.572 , 1.310005
27.573 , 1.32
27.574 , 1.269997
27.576 , 1.279999
27.577 , 1.330002
27.578 , 1.279999
27.579 , 1.290001
27.58 , 1.290001
27.582 , 1.290001
27.583 , 1.300003
27.584 , 1.280006
27.585 , 1.280006
27.586 , 1.290001
27.587 , 1.290001
27.588 , 1.269997
27.59 , 1.279999
27.591 , 1.300003
27.592 , 1.279999
27.593 , 1.240005
27.594 , 1.220001
27.596 , 1.25
27.597 , 1.25
27.598 , 1.18
27.599 , 1.190002
27.6 , 1.239998
27.601 , 1.190002
27.602 , 1.239998
27.604 , 1.25
27.605 , 1.200005
27.606 , 1.210007
27.607 , 1.210007
27.608 , 1.190002
27.609 , 1.190002
27.611 , 1.199997
27.612 , 1.150002
27.613 , 1.160004
27.614 , 1.160004
27.615 , 1.120003
27.616 , 1.130005
27.617 , 1.150002
27.619 , 1.150002
27.62 , 1.139999
27.621 , 1.139999
27.622 , 1.139999
27.623 , 1.099998
27.624 , 1.099998
27.626 , 1.090004
27.627 , 1.090004
27.628 , 1.020004
27.629 , 1.020004
27.63 , 1.030006
27.631 , 1.030006
27.633 , 1.040001
27.634 , 1.040001
27.635 , 1.040001
27.636 , 1.029999
27.637 , 1.050003
27.638 , 1.050003
27.64 , 1.040001
27.641 , 1.040001
27.642 , 0.9900055
27.643 , 1.0
27.644 , 1.07
27.645 , 1.0
27.647 , 0.9899979
27.648 , 0.9899979
27.649 , 0.9899979
27.65 , 0.9300003
27.651 , 0.9300003
27.653 , 0.9400024
27.654 , 0.9200058
27.655 , 0.9400024
27.656 , 0.8600006
27.657 , 0.9300003
27.658 , 0.8799973
27.66 , 0.8700027
27.661 , 0.8199997
27.662 , 0.8199997
27.663 , 0.8300018
27.665 , 0.8300018
27.666 , 0.8200073
27.667 , 0.8200073
27.668 , 0.8200073
27.669 , 0.7800064
27.67 , 0.7900009
27.672 , 0.7399979
27.673 , 0.7699966
27.674 , 0.7699966
27.675 , 0.6299973
27.677 , 0.6399994
27.678 , 0.6200027
27.679 , 0.6399994
27.68 , 0.6100006
27.681 , 0.6299973
27.683 , 0.6200027
27.684 , 0.5699997
27.685 , 0.5699997
27.686 , 0.5800018
27.687 , 0.5400009
27.688 , 0.5800018
27.69 , 0.590004
27.691 , 0.5
27.692 , 0.4800034
27.693 , 0.4899979
27.694 , 0.4399948
27.696 , 0.4399948
27.697 , 0.4300003
27.698 , 0.4100037
27.699 , 0.4100037
27.7 , 0.4200058
27.702 , 0.3700027
27.703 , 0.4300003
27.704 , 0.3799973
27.705 , 0.3799973
27.706 , 0.3099976
27.708 , 0.3199997
27.709 , 0.3199997
27.71 , 0.3099976
27.711 , 0.2900009
27.712 , 0.2900009
27.714 , 0.2300034
27.715 , 0.25
27.716 , 0.2300034
27.717 , 0.2399979
27.718 , 0.1899948
27.719 , 0.2399979
27.721 , 0.1800003
27.722 , 0.1800003
27.723 , 0.1900024
27.724 , 0.1900024
27.725 , 0.1900024
27.726 , 0.1699982
27.728 , 0.1299973
27.729 , 0.1799927
27.73 , 0.1899948
27.731 , 0.1399994
27.733 , 0.1299973
27.734 , 0.1500015
27.735 , 0.1500015
27.736 , 0.1299973
27.737 , 0.09000397
27.739 , 0.09000397
27.74 , 0.0799942
27.741 , 0.0799942
27.743 , 0.04000092
27.744 , 0.04000092
27.746 , 0.04000092
27.747 , 0.02999878
27.748 , 0.02999878
27.75 , 0.06000519
27.751 , 0.04000092
27.753 , 0.02999878
27.754 , 0.04999542
27.755 , 0.02999878
27.757 , -0.01000214
27.758 , 0.04000092
27.76 , 0.0
27.761 , 0.05000305
27.762 , 0.0
27.763 , 0.009994507
27.765 , 0.05999756
27.766 , 0.009994507
27.768 , 0.01999664
27.769 , 0.01999664
27.771 , 0.01000214
27.772 , -0.04000092
27.773 , 0.01000214
27.775 , -0.02999878
27.776 , -0.04999542
27.778 , -0.02000427
27.779 , -0.02000427
27.78 , -0.02999878
27.782 , -0.02999878
27.783 , -0.05000305
27.785 , -0.01999664
27.786 , -0.04000092
27.787 , -0.01000214
27.789 , -0.03000641
27.79 , -0.02000427
27.792 , -0.06999969
27.793 , -0.02000427
27.794 , -0.08000183
27.796 , -0.05999756
27.797 , -0.1199951
27.798 , -0.06999969
27.8 , -0.1100006
27.801 , -0.1100006
27.802 , -0.1100006
27.803 , -0.1100006
27.804 , -0.09999847
27.806 , -0.09999847
27.807 , -0.08999634
27.809 , -0.1100006
27.81 , -0.08000183
27.811 , -0.1000061
27.812 , -0.1000061
27.813 , -0.1500015
27.815 , -0.1399994
27.816 , -0.1399994
27.817 , -0.1500015
27.818 , -0.1500015
27.819 , -0.1500015
27.821 , -0.1399994
27.822 , -0.1399994
27.823 , -0.1399994
27.824 , -0.1100006
27.825 , -0.1300049
27.827 , -0.1200027
27.828 , -0.1200027
27.829 , -0.1399994
27.83 , -0.1100006
27.831 , -0.1299973
27.833 , -0.1100006
27.834 , -0.1899948
27.835 , -0.1199951
27.836 , -0.1199951
27.837 , -0.1600037
27.839 , -0.1600037
27.84 , -0.09999847
27.841 , -0.1500015
27.842 , -0.1500015
27.844 , -0.159996
27.845 , -0.1399994
27.846 , -0.159996
27.847 , -0.1500015
27.848 , -0.1300049
27.85 , -0.1500015
27.851 , -0.1399994
27.852 , -0.1900024
27.853 , -0.1399994
27.854 , -0.1800003
27.855 , -0.1800003
27.857 , -0.1699982
27.858 , -0.1699982
27.859 , -0.1899948
27.86 , -0.1899948
27.862 , -0.1800003
27.863 , -0.1800003
27.864 , -0.1699982
27.865 , -0.1500015
27.866 , -0.1699982
27.868 , -0.1399994
27.869 , -0.1800003
27.87 , -0.159996
27.871 , -0.1700058
27.872 , -0.1700058
27.873 , -0.2400055
27.875 , -0.2300034
27.876 , -0.1600037
27.877 , -0.2200012
27.878 , -0.2200012
27.879 , -0.2200012
27.88 , -0.2699966
27.882 , -0.2099991
27.883 , -0.2599945
27.884 , -0.25
27.885 , -0.25
27.887 , -0.2399979
27.888 , -0.2399979
27.889 , -0.2399979
27.89 , -0.2600021
27.891 , -0.25
27.893 , -0.25
27.894 , -0.2400055
27.895 , -0.3100052
27.896 , -0.2600021
27.897 , -0.3000031
27.899 , -0.3000031
27.9 , -0.3000031
27.901 , -0.2900009
27.902 , -0.2399979
27.903 , -0.2900009
27.904 , -0.2799988
27.906 , -0.2799988
27.907 , -0.2700043
27.908 , -0.2700043
27.909 , -0.2700043
27.91 , -0.2700043
27.912 , -0.2799988
27.913 , -0.2799988
27.914 , -0.3199997
27.915 , -0.3199997
27.917 , -0.3299942
27.918 , -0.3299942
27.927 , -0.3499985
27.928 , -0.2999954
27.929 , -0.3699951
27.931 , -0.3600006
27.932 , -0.3300018
27.933 , -0.3600006
27.934 , -0.3199997
27.935 , -0.3700027
27.937 , -0.3700027
27.938 , -0.409996
27.939 , -0.3600006
27.94 , -0.3600006
27.941 , -0.3499985
27.942 , -0.3499985
27.944 , -0.340004
27.945 , -0.340004
27.946 , -0.3899994
27.947 , -0.4100037
27.948 , -0.3799973
27.95 , -0.3799973
27.951 , -0.3699951
27.952 , -0.3699951
27.953 , -0.3699951
27.955 , -0.3800049
27.956 , -0.4500046
27.957 , -0.4200058
27.958 , -0.4400024
27.959 , -0.4400024
27.961 , -0.4000015
27.962 , -0.4499969
27.963 , -0.4000015
27.964 , -0.4399948
27.965 , -0.4199982
27.967 , -0.4199982
27.968 , -0.4300003
27.969 , -0.4300003
27.97 , -0.4300003
27.971 , -0.4199982
27.973 , -0.4700012
27.974 , -0.4599991
27.975 , -0.4799957
27.976 , -0.4799957
27.977 , -0.4799957
27.979 , -0.4700012
27.98 , -0.5200043
27.981 , -0.4599991
27.982 , -0.4599991
27.983 , -0.4599991
27.985 , -0.4499969
27.986 , -0.5
27.987 , -0.5
27.988 , -0.5299988
27.989 , -0.4899979
27.991 , -0.5
27.992 , -0.5699997
27.993 , -0.5200043
27.994 , -0.5100021
27.996 , -0.5100021
27.997 , -0.5599976
27.998 , -0.5499954
27.999 , -0.5
28.0 , -0.5499954
28.001 , -0.5399933
28.003 , -0.5399933
28.004 , -0.5599976
28.005 , -0.5299988
28.006 , -0.5500031
28.007 , -0.5299988
28.009 , -0.5400009
28.01 , -0.5400009
28.011 , -0.5799942
28.012 , -0.5299988
28.013 , -0.5299988
28.015 , -0.590004
28.016 , -0.590004
28.017 , -0.5699997
28.018 , -0.5800018
28.019 , -0.6200027
28.021 , -0.6100006
28.022 , -0.6100006
28.023 , -0.5699997
28.024 , -0.6100006
28.025 , -0.5599976
28.027 , -0.5999985
28.028 , -0.590004
28.029 , -0.590004
28.03 , -0.5500031
28.031 , -0.5800018
28.032 , -0.6100006
28.034 , -0.6100006
28.035 , -0.5999985
28.036 , -0.5999985
28.037 , -0.6199951
28.038 , -0.6100006
28.04 , -0.590004
28.041 , -0.6500015
28.042 , -0.5999985
28.043 , -0.5999985
28.044 , -0.5800018
28.045 , -0.5899963
28.047 , -0.5899963
28.048 , -0.6299973
28.049 , -0.6299973
28.05 , -0.6899948
28.052 , -0.6399994
28.053 , -0.6399994
28.054 , -0.6399994
28.055 , -0.6699982
28.056 , -0.6699982
28.058 , -0.659996
28.059 , -0.659996
28.06 , -0.6899948
28.061 , -0.6800003
28.062 , -0.6800003
28.064 , -0.6800003
28.065 , -0.6699982
28.066 , -0.6900024
28.067 , -0.6699982
28.068 , -0.659996
28.07 , -0.6800003
28.071 , -0.6699982
28.072 , -0.7199936
28.073 , -0.7199936
28.074 , -0.7199936
28.076 , -0.7300034
28.077 , -0.7099991
28.078 , -0.6999969
28.079 , -0.7200012
28.081 , -0.7200012
28.082 , -0.7099991
28.083 , -0.75
28.084 , -0.6899948
28.085 , -0.6799927
28.087 , -0.6999969
28.088 , -0.6900024
28.089 , -0.6900024
28.09 , -0.6900024
28.091 , -0.6900024
28.092 , -0.7200012
28.094 , -0.75
28.095 , -0.7399979
28.096 , -0.7399979
28.097 , -0.7799988
28.099 , -0.7700043
28.1 , -0.7700043
28.101 , -0.7700043
28.102 , -0.7600021
28.103 , -0.7600021
28.104 , -0.7600021
28.106 , -0.75
28.107 , -0.75
28.108 , -0.7699966
28.109 , -0.7699966
28.11 , -0.7699966
28.112 , -0.7600021
28.113 , -0.7799988
28.114 , -0.7799988
28.115 , -0.75
28.116 , -0.8099976
28.118 , -0.7599945
28.119 , -0.7599945
28.12 , -0.7999954
28.121 , -0.7599945
28.122 , -0.7900009
28.124 , -0.75
28.125 , -0.7799988
28.126 , -0.7399979
28.127 , -0.7799988
28.128 , -0.7699966
28.13 , -0.7999954
28.131 , -0.7699966
28.132 , -0.7899933
28.133 , -0.8299942
28.134 , -0.7899933
28.136 , -0.8199997
28.137 , -0.7799988
28.138 , -0.840004
28.139 , -0.840004
28.141 , -0.840004
28.142 , -0.7999954
28.143 , -0.7999954
28.144 , -0.7999954
28.145 , -0.8200073
28.147 , -0.8200073
28.148 , -0.8100052
28.149 , -0.8100052
28.15 , -0.8100052
28.151 , -0.8100052
28.152 , -0.8199997
28.154 , -0.8199997
28.155 , -0.8099976
28.156 , -0.8099976
28.157 , -0.8099976
28.158 , -0.8099976
28.16 , -0.8000031
28.161 , -0.840004
28.162 , -0.7700043
28.163 , -0.7900009
28.164 , -0.7900009
28.166 , -0.7799988
28.167 , -0.7799988
28.168 , -0.7799988
28.169 , -0.7699966
28.171 , -0.7699966
28.172 , -0.7600021
28.173 , -0.7600021
28.174 , -0.7600021
28.175 , -0.75
28.176 , -0.75
28.178 , -0.75
28.179 , -0.7399979
28.18 , -0.6899948
28.181 , -0.6899948
28.182 , -0.6399994
28.184 , -0.6399994
28.185 , -0.6299973
28.186 , -0.5999985
28.187 , -0.5999985
28.189 , -0.5299988
28.19 , -0.5299988
28.191 , -0.5
28.192 , -0.4899979
28.193 , -0.4199982
28.195 , -0.4100037
28.196 , -0.3499985
28.197 , -0.3499985
28.198 , -0.3499985
28.2 , -0.2900009
28.201 , -0.2399979
28.202 , -0.1899948
28.203 , -0.1699982
28.204 , -0.09999847
28.206 , -0.06000519
28.207 , -0.02000427
28.208 , 0.06999969
28.21 , 0.1500015
28.211 , 0.1500015
28.212 , 0.1800003
28.213 , 0.2300034
28.214 , 0.3000031
28.216 , 0.3100052
28.217 , 0.3300018
28.218 , 0.3600006
28.219 , 0.409996
28.22 , 0.409996
28.222 , 0.4899979
28.223 , 0.5100021
28.224 , 0.5800018
28.225 , 0.5500031
28.226 , 0.6100006
28.227 , 0.6600037
28.229 , 0.6699982
28.23 , 0.6899948
28.231 , 0.7399979
28.232 , 0.7900009
28.233 , 0.7900009
28.235 , 0.8499985
28.236 , 0.8499985
28.237 , 0.8499985
28.238 , 0.8700027
28.239 , 0.9300003
28.241 , 0.9300003
28.242 , 0.9799957
28.243 , 0.9799957
28.244 , 1.029999
28.245 , 1.029999
28.246 , 1.040001
28.248 , 1.040001
28.249 , 1.07
28.25 , 1.07
28.251 , 1.07
28.252 , 1.080002
28.254 , 1.130005
28.255 , 1.130005
28.256 , 1.159996
28.257 , 1.159996
28.258 , 1.139999
28.259 , 1.169998
28.261 , 1.169998
28.262 , 1.18
28.263 , 1.18
28.264 , 1.18
28.265 , 1.18
28.266 , 1.209999
28.268 , 1.209999
28.269 , 1.220001
28.27 , 1.18
28.271 , 1.220001
28.272 , 1.209999
28.273 , 1.230003
28.275 , 1.209999
28.276 , 1.220001
28.277 , 1.220001
28.278 , 1.220001
28.279 , 1.229996
28.28 , 1.229996
28.282 , 1.239998
28.283 , 1.220001
28.284 , 1.220001
28.285 , 1.220001
28.286 , 1.230003
28.287 , 1.230003
28.289 , 1.279999
28.29 , 1.239998
28.291 , 1.239998
28.292 , 1.199997
28.293 , 1.199997
28.295 , 1.199997
28.296 , 1.139999
28.297 , 1.190002
28.298 , 1.139999
28.299 , 1.150002
28.301 , 1.200005
28.302 , 1.159996
28.303 , 1.159996
28.304 , 1.159996
28.305 , 1.159996
28.306 , 1.169998
28.307 , 1.150002
28.309 , 1.160004
28.31 , 1.160004
28.311 , 1.160004
28.312 , 1.149994
28.313 , 1.149994
28.314 , 1.099998
28.316 , 1.110001
28.317 , 1.110001
28.318 , 1.110001
28.319 , 1.120003
28.32 , 1.099998
28.321 , 1.099998
28.323 , 1.110001
28.324 , 1.060005
28.325 , 1.060005
28.326 , 1.119995
28.327 , 1.119995
28.328 , 1.07
28.33 , 1.059998
28.331 , 1.059998
28.332 , 1.040001
28.333 , 1.050003
28.334 , 1.0
28.335 , 1.0
28.337 , 0.9900055
28.338 , 0.9900055
28.339 , 0.9499969
28.34 , 0.9499969
28.341 , 0.9499969
28.342 , 0.9499969
28.344 , 0.9599991
28.345 , 0.9599991
28.346 , 0.9100037
28.347 , 0.9100037
28.349 , 0.9199982
28.35 , 0.9599991
28.351 , 0.9199982
28.352 , 0.8699951
28.353 , 0.8799973
28.355 , 0.8799973
28.356 , 0.840004
28.357 , 0.8199997
28.358 , 0.8199997
28.359 , 0.8300018
28.361 , 0.8300018
28.362 , 0.8300018
28.363 , 0.7999954
28.364 , 0.7999954
28.365 , 0.7999954
28.367 , 0.7799988
28.368 , 0.7099991
28.369 , 0.7900009
28.37 , 0.7200012
28.371 , 0.7200012
28.372 , 0.7200012
28.374 , 0.7299957
28.375 , 0.7099991
28.376 , 0.6699982
28.377 , 0.6699982
28.378 , 0.6500015
28.38 , 0.6399994
28.381 , 0.6399994
28.382 , 0.6600037
28.383 , 0.6500015
28.384 , 0.6500015
28.386 , 0.5899963
28.387 , 0.5899963
28.388 , 0.5899963
28.389 , 0.5500031
28.391 , 0.5299988
28.392 , 0.5500031
28.393 , 0.5400009
28.394 , 0.5
28.395 , 0.4700012
28.396 , 0.5099945
28.398 , 0.4599991
28.399 , 0.4599991
28.4 , 0.4199982
28.401 , 0.3600006
28.402 , 0.4199982
28.404 , 0.4100037
28.405 , 0.4100037
28.406 , 0.4200058
28.407 , 0.4200058
28.408 , 0.3500061
28.409 , 0.3500061
28.411 , 0.3600006
28.412 , 0.2900009
28.413 , 0.3499985
28.414 , 0.3499985
28.415 , 0.2799988
28.417 , 0.2900009
28.418 , 0.2900009
28.419 , 0.2900009
28.42 , 0.2600021
28.421 , 0.3000031
28.422 , 0.2600021
28.423 , 0.2399979
28.425 , 0.2399979
28.426 , 0.25
28.427 , 0.2099991
28.428 , 0.2099991
28.429 , 0.2099991
28.431 , 0.2600021
28.432 , 0.1900024
28.433 , 0.1999969
28.434 , 0.1800003
28.435 , 0.1800003
28.436 , 0.1500015
28.438 , 0.1200027
28.439 , 0.1500015
28.44 , 0.1600037
28.441 , 0.1300049
28.442 , 0.1300049
28.444 , 0.140007
28.445 , 0.140007
28.446 , 0.1100006
28.447 , 0.1100006
28.448 , 0.1100006
28.449 , 0.1100006
28.45 , 0.1200027
28.452 , 0.08999634
28.453 , 0.09999847
28.454 , 0.09999847
28.456 , 0.08999634
28.457 , 0.08999634
28.459 , 0.04999542
28.46 , 0.05999756
28.461 , -0.01000214
28.463 , 0.04000092
28.464 , 0.06999969
28.466 , 0.01000214
28.467 , 0.01000214
28.468 , 0.05000305
28.47 , 0.01999664
28.471 , -0.01000214
28.472 , -0.01000214
28.474 , 0.0
28.475 , -0.01999664
28.476 , -0.01999664
28.478 , -0.009994507
28.479 , -0.009994507
28.481 , -0.05000305
28.482 , 0.0
28.483 , 0.01000214
28.485 , -0.04000092
28.486 , -0.04000092
28.487 , 0.02000427
28.489 , 0.02000427
28.49 , -0.01999664
28.492 , -0.04000092
28.493 , -0.03000641
28.494 , -0.03000641
28.496 , -0.03000641
28.497 , -0.05999756
28.498 , -0.05999756
28.5 , -0.08000183
28.501 , -0.04999542
28.503 , -0.03999329
28.504 , -0.06999969
28.505 , 0.0
28.507 , -0.06000519
28.508 , 0.009994507
28.51 , -0.05000305
28.511 , -0.08999634
28.512 , -0.05000305
28.514 , -0.0799942
28.515 , -0.0799942
28.517 , -0.06999969
28.518 , -0.06999969
28.519 , -0.06999969
28.521 , -0.1100006
28.522 , -0.09000397
28.523 , -0.09999847
28.525 , -0.08000183
28.526 , -0.08000183
28.528 , -0.06999969
28.529 , -0.08999634
28.531 , -0.08000183
28.532 , -0.08000183
28.533 , -0.06999969
28.535 , -0.1100006
28.536 , -0.1100006
28.537 , -0.09999847
28.538 , -0.05999756
28.54 , -0.09000397
28.541 , -0.1200027
28.542 , -0.09000397
28.544 , -0.08000183
28.545 , -0.1100006
28.546 , -0.1100006
28.547 , -0.09999847
28.549 , -0.1399994
28.55 , -0.1299973
28.551 , -0.1299973
28.553 , -0.1299973
28.554 , -0.08000183
28.555 , -0.1500015
28.556 , -0.1500015
28.558 , -0.1399994
28.559 , -0.1399994
28.56 , -0.1299973
28.561 , -0.1299973
28.562 , -0.1500015
28.564 , -0.140007
28.565 , -0.09000397
28.566 , -0.140007
28.567 , -0.1300049
28.568 , -0.2000046
28.57 , -0.1200027
28.571 , -0.1200027
28.572 , -0.1200027
28.573 , -0.159996
28.574 , -0.1499939
28.576 , -0.1499939
28.577 , -0.1700058
28.578 , -0.1399994
28.579 , -0.2099991
28.581 , -0.1600037
28.582 , -0.1600037
28.583 , -0.1600037
28.584 , -0.1199951
28.585 , -0.1500015
28.587 , -0.1399994
28.588 , -0.1799927
28.589 , -0.1399994
28.59 , -0.1300049
28.591 , -0.2000046
28.593 , -0.1699982
28.594 , -0.1900024
28.595 , -0.2099991
28.596 , -0.2099991
28.597 , -0.1999969
28.599 , -0.1800003
28.6 , -0.1900024
28.601 , -0.1900024
28.602 , -0.1900024
28.603 , -0.1900024
28.604 , -0.1800003
28.606 , -0.1800003
28.607 , -0.1699982
28.608 , -0.1699982
28.609 , -0.2099991
28.618 , -0.25
28.619 , -0.25
28.621 , -0.2699966
28.622 , -0.2399979
28.623 , -0.2399979
28.624 , -0.2300034
28.625 , -0.2600021
28.627 , -0.2200012
28.628 , -0.2200012
28.629 , -0.25
28.63 , -0.25
28.631 , -0.2799988
28.632 , -0.2799988
28.634 , -0.2299957
28.635 , -0.2899933
28.636 , -0.2899933
28.637 , -0.2799988
28.639 , -0.2799988
28.64 , -0.2600021
28.641 , -0.2699966
28.642 , -0.3000031
28.643 , -0.2699966
28.645 , -0.2900009
28.646 , -0.2599945
28.647 , -0.2800064
28.648 , -0.2800064
28.649 , -0.2800064
28.651 , -0.2700043
28.652 , -0.3100052
28.653 , -0.3100052
28.654 , -0.3000031
28.655 , -0.3300018
28.656 , -0.3000031
28.658 , -0.2900009
28.659 , -0.3600006
28.66 , -0.3600006
28.661 , -0.3100052
28.662 , -0.3100052
28.663 , -0.3100052
28.665 , -0.3000031
28.666 , -0.340004
28.667 , -0.3300018
28.668 , -0.2600021
28.669 , -0.2600021
28.67 , -0.2600021
28.672 , -0.25
28.673 , -0.25
28.674 , -0.3100052
28.675 , -0.2700043
28.676 , -0.3100052
28.677 , -0.3199997
28.679 , -0.3199997
28.68 , -0.3000031
28.681 , -0.2900009
28.682 , -0.2900009
28.683 , -0.3099976
28.685 , -0.3000031
28.686 , -0.3000031
28.687 , -0.2900009
28.688 , -0.2900009
28.689 , -0.2900009
28.69 , -0.2900009
28.692 , -0.3499985
28.693 , -0.3099976
28.694 , -0.3399963
28.695 , -0.3399963
28.696 , -0.3699951
28.698 , -0.3600006
28.699 , -0.3300018
28.7 , -0.3300018
28.701 , -0.3199997
28.702 , -0.3199997
28.704 , -0.3099976
28.705 , -0.3399963
28.706 , -0.3799973
28.707 , -0.3399963
28.709 , -0.3300018
28.71 , -0.3300018
28.711 , -0.3199997
28.712 , -0.3600006
28.713 , -0.3600006
28.715 , -0.3799973
28.716 , -0.3799973
28.717 , -0.3799973
28.718 , -0.3699951
28.719 , -0.409996
28.721 , -0.4000015
28.722 , -0.3600006
28.723 , -0.4000015
28.724 , -0.3899994
28.725 , -0.3899994
28.727 , -0.3899994
28.728 , -0.3799973
28.729 , -0.4000015
28.73 , -0.3799973
28.731 , -0.4200058
28.733 , -0.390007
28.734 , -0.3800049
28.735 , -0.4100037
28.736 , -0.4500046
28.737 , -0.4500046
28.738 , -0.4400024
28.74 , -0.4400024
28.741 , -0.4300003
28.742 , -0.4300003
28.743 , -0.4300003
28.744 , -0.4200058
28.745 , -0.4200058
28.747 , -0.4200058
28.748 , -0.4100037
28.749 , -0.4100037
28.75 , -0.4400024
28.751 , -0.4300003
28.753 , -0.4700012
28.754 , -0.4599991
28.755 , -0.4599991
28.756 , -0.4599991
28.757 , -0.4799957
28.759 , -0.4700012
28.76 , -0.4500046
28.761 , -0.4599991
28.762 , -0.4400024
28.763 , -0.4599991
28.765 , -0.4499969
28.766 , -0.4499969
28.767 , -0.4300003
28.768 , -0.4400024
28.769 , -0.4700012
28.771 , -0.5500031
28.772 , -0.5500031
28.773 , -0.5500031
28.774 , -0.5800018
28.775 , -0.5800018
28.776 , -0.5800018
28.778 , -0.5699997
28.779 , -0.5999985
28.78 , -0.5699997
28.781 , -0.590004
28.783 , -0.590004
28.784 , -0.5800018
28.785 , -0.5500031
28.786 , -0.5500031
28.787 , -0.5800018
28.789 , -0.5400009
28.79 , -0.5699997
28.791 , -0.5800018
28.792 , -0.5800018
28.793 , -0.6300049
28.795 , -0.5699997
28.796 , -0.6200027
28.797 , -0.6200027
28.798 , -0.6100006
28.799 , -0.6299973
28.801 , -0.5999985
28.802 , -0.659996
28.803 , -0.5999985
28.804 , -0.5999985
28.805 , -0.6100006
28.807 , -0.6100006
28.808 , -0.5999985
28.809 , -0.5999985
28.81 , -0.6399994
28.811 , -0.6299973
28.813 , -0.6299973
28.814 , -0.6299973
28.815 , -0.6900024
28.816 , -0.6500015
28.818 , -0.6399994
28.819 , -0.6399994
28.82 , -0.6399994
28.821 , -0.6999969
28.822 , -0.6699982
28.824 , -0.6699982
28.825 , -0.659996
28.826 , -0.659996
28.827 , -0.6199951
28.829 , -0.6500015
28.83 , -0.6800003
28.831 , -0.6399994
28.832 , -0.6699982
28.833 , -0.6399994
28.835 , -0.659996
28.836 , -0.6800003
28.837 , -0.659996
28.838 , -0.6499939
28.839 , -0.7099991
28.841 , -0.6600037
28.842 , -0.6600037
28.843 , -0.7000046
28.844 , -0.6600037
28.845 , -0.6500015
28.847 , -0.6299973
28.848 , -0.6399994
28.849 , -0.6399994
28.85 , -0.6800003
28.852 , -0.6700058
28.853 , -0.6700058
28.854 , -0.7000046
28.855 , -0.6600037
28.856 , -0.6600037
28.858 , -0.7200012
28.859 , -0.6800003
28.86 , -0.6800003
28.861 , -0.7099991
28.862 , -0.7099991
28.864 , -0.6699982
28.865 , -0.6600037
28.866 , -0.6600037
28.867 , -0.6300049
28.868 , -0.6900024
28.869 , -0.6500015
28.871 , -0.6200027
28.872 , -0.6100006
28.873 , -0.6399994
28.874 , -0.6100006
28.875 , -0.6300049
28.877 , -0.6000061
28.878 , -0.6200027
28.879 , -0.6200027
28.88 , -0.6200027
28.881 , -0.590004
28.883 , -0.5800018
28.884 , -0.5400009
28.885 , -0.4799957
28.886 , -0.5099945
28.887 , -0.5099945
28.889 , -0.4700012
28.89 , -0.5
28.891 , -0.4700012
28.892 , -0.4199982
28.893 , -0.4599991
28.895 , -0.3799973
28.896 , -0.409996
28.897 , -0.3799973
28.898 , -0.3100052
28.9 , -0.3100052
28.901 , -0.2400055
28.902 , -0.2300034
28.903 , -0.1600037
28.904 , -0.1600037
28.906 , -0.09999847
28.907 , -0.05999756
28.908 , 0.0
28.91 , 0.04000092
28.911 , 0.06999969
28.912 , 0.1199951
28.914 , 0.1499939
28.915 , 0.2200012
28.916 , 0.25
28.917 , 0.25
28.918 , 0.3300018
28.919 , 0.3700027
28.921 , 0.4000015
28.922 , 0.4100037
28.923 , 0.4300003
28.924 , 0.5
28.925 , 0.5099945
28.926 , 0.5499954
28.928 , 0.6100006
28.929 , 0.590004
28.93 , 0.6800003
28.931 , 0.6500015
28.932 , 0.6600037
28.934 , 0.6900024
28.935 , 0.7699966
28.936 , 0.7399979
28.937 , 0.8099976
28.938 , 0.8199997
28.94 , 0.8399963
28.941 , 0.8399963
28.942 , 0.9199982
28.943 , 0.9500046
28.944 , 0.9199982
28.946 , 1.0
28.947 , 1.0
28.948 , 0.9600067
28.949 , 1.029999
28.95 , 1.009995
28.952 , 1.019997
28.953 , 1.019997
28.954 , 1.019997
28.955 , 1.050003
28.956 , 1.029999
28.958 , 1.050003
28.959 , 1.089996
28.96 , 1.059998
28.961 , 1.089996
28.962 , 1.099998
28.964 , 1.099998
28.965 , 1.110001
28.966 , 1.110001
28.967 , 1.150002
28.968 , 1.080002
28.969 , 1.120003
28.971 , 1.120003
28.972 , 1.099998
28.973 , 1.099998
28.974 , 1.099998
28.975 , 1.110001
28.977 , 1.110001
28.978 , 1.139999
28.979 , 1.099998
28.98 , 1.099998
28.981 , 1.120003
28.983 , 1.159996
28.984 , 1.129997
28.985 , 1.119995
28.986 , 1.080002
28.987 , 1.119995
28.988 , 1.080002
28.99 , 1.090004
28.991 , 1.090004
28.992 , 1.100006
28.993 , 1.100006
28.994 , 1.07
28.995 , 1.110001
28.997 , 1.079994
28.998 , 1.079994
28.999 , 1.050003
29.0 , 1.089996
29.001 , 1.050003
29.002 , 1.060005
29.004 , 1.060005
29.005 , 1.070007
29.006 , 1.040001
29.007 , 1.040001
29.008 , 1.040001
29.009 , 1.049995
29.011 , 1.049995
29.012 , 1.040001
29.013 , 1.059998
29.014 , 1.0
29.015 , 1.010002
29.016 , 0.9800034
29.018 , 0.9800034
29.019 , 0.9899979
29.02 , 0.9499969
29.021 , 0.9499969
29.022 , 0.9599991
29.024 , 0.9599991
29.025 , 0.9599991
29.026 , 0.9700012
29.027 , 0.9700012
29.028 , 0.9000015
29.03 , 0.9100037
29.031 , 0.890007
29.032 , 0.9000015
29.033 , 0.9000015
29.034 , 0.9000015
29.035 , 0.8299942
29.036 , 0.8799973
29.038 , 0.8399963
29.039 , 0.8199997
29.04 , 0.8199997
29.041 , 0.8199997
29.043 , 0.8299942
29.044 , 0.7699966
29.045 , 0.7899933
29.046 , 0.7999954
29.047 , 0.7799988
29.049 , 0.7600021
29.05 , 0.7600021
29.051 , 0.7600021
29.052 , 0.7300034
29.053 , 0.6600037
29.054 , 0.6600037
29.055 , 0.6600037
29.057 , 0.6699982
29.058 , 0.6699982
29.059 , 0.6500015
29.06 , 0.6500015
29.061 , 0.6500015
29.063 , 0.6200027
29.064 , 0.5699997
29.065 , 0.5999985
29.066 , 0.609993
29.067 , 0.5799942
29.069 , 0.5899963
29.07 , 0.5499954
29.071 , 0.4799957
29.072 , 0.5599976
29.074 , 0.4899979
29.075 , 0.4700012
29.076 , 0.5
29.077 , 0.5
29.078 , 0.4800034
29.079 , 0.5099945
29.081 , 0.4599991
29.082 , 0.5
29.083 , 0.4300003
29.084 , 0.4700012
29.085 , 0.4700012
29.086 , 0.3499985
29.088 , 0.3899994
29.089 , 0.3300018
29.09 , 0.3300018
29.091 , 0.3600006
29.092 , 0.3399963
29.093 , 0.3399963
29.095 , 0.3199997
29.096 , 0.3499985
29.097 , 0.2799988
29.098 , 0.2799988
29.1 , 0.2700043
29.101 , 0.2900009
29.102 , 0.2700043
29.103 , 0.2799988
29.104 , 0.2399979
29.105 , 0.2399979
29.107 , 0.25
29.108 , 0.2200012
29.109 , 0.2300034
29.11 , 0.2300034
29.111 , 0.1900024
29.112 , 0.1600037
29.114 , 0.1700058
29.115 , 0.1500015
29.116 , 0.1199951
29.117 , 0.159996
29.118 , 0.159996
29.119 , 0.09999847
29.121 , 0.1299973
29.122 , 0.1299973
29.123 , 0.1100006
29.124 , 0.06999969
29.126 , 0.0799942
29.127 , 0.0799942
29.129 , 0.08999634
29.13 , 0.08999634
29.131 , 0.05999756
29.133 , 0.05000305
29.134 , 0.01000214
29.136 , 0.06000519
29.137 , 0.06000519
29.138 , 0.02000427
29.14 , 0.02999878
29.141 , 0.02999878
29.143 , 0.08000183
29.144 , 0.01000214
29.145 , 0.01000214
29.147 , 0.02000427
29.148 , -0.01999664
29.149 , -0.01000214
29.151 , -0.01000214
29.152 , 0.02999878
29.153 , -0.06999969
29.155 , -0.02999878
29.156 , -0.01999664
29.158 , -0.05999756
29.159 , -0.04999542
29.161 , -0.009994507
29.162 , -0.04999542
29.163 , -0.04000092
29.165 , -0.04000092
29.166 , -0.02999878
29.168 , -0.02999878
29.169 , -0.04999542
29.17 , 0.02000427
29.172 , -0.04999542
29.173 , -0.05999756
29.174 , -0.05999756
29.176 , -0.05000305
29.177 , -0.09000397
29.179 , -0.05000305
29.18 , -0.01999664
29.181 , -0.04000092
29.183 , 0.02000427
29.184 , 0.02000427
29.185 , 0.02000427
29.187 , 0.0
29.188 , -0.02000427
29.189 , 0.0
29.19 , 0.01000214
29.192 , 0.01000214
29.193 , 0.02000427
29.195 , 0.0
29.196 , -0.02999878
29.197 , -0.02999878
29.199 , -0.05999756
29.2 , -0.05000305
29.201 , -0.05000305
29.203 , -0.04000092
29.204 , -0.04000092
29.205 , -0.01000214
29.207 , -0.02999878
29.208 , 0.0
29.209 , 0.0
29.211 , -0.02000427
29.212 , -0.02000427
29.213 , -0.01000214
29.215 , -0.05000305
29.216 , -0.04000092
29.217 , -0.04000092
29.219 , -0.06999969
29.22 , -0.05999756
29.222 , -0.05999756
29.223 , -0.06999969
29.224 , -0.05000305
29.226 , -0.04000092
29.227 , -0.01000214
29.229 , -0.04000092
29.23 , -0.02999878
29.231 , -0.04999542
29.233 , -0.04000092
29.234 , -0.08000183
29.236 , -0.06999969
29.237 , -0.09999847
29.238 , -0.02999878
29.24 , -0.05999756
29.241 , -0.05999756
29.243 , -0.04999542
29.244 , -0.04999542
29.245 , -0.04999542
29.247 , -0.04000092
29.248 , -0.04000092
29.25 , -0.02999878
29.251 , -0.05999756
29.252 , -0.09999847
29.254 , -0.08999634
29.255 , -0.08999634
29.257 , -0.0799942
29.258 , -0.0799942
29.26 , -0.06999969
29.261 , -0.06999969
29.262 , -0.06999969
29.264 , -0.08999634
29.265 , -0.08999634
29.267 , -0.04999542
29.268 , -0.0799942
29.27 , -0.09000397
29.271 , -0.1300049
29.272 , -0.09000397
29.274 , -0.08000183
29.275 , -0.08000183
29.276 , -0.1200027
29.278 , -0.06999969
29.279 , -0.1399994
29.28 , -0.09999847
29.282 , -0.09999847
29.283 , -0.09000397
29.284 , -0.05000305
29.286 , -0.1600037
29.287 , -0.2200012
29.288 , -0.2200012
29.289 , -0.2200012
29.29 , -0.2099991
29.292 , -0.2099991
29.293 , -0.2000046
29.294 , -0.2200012
29.295 , -0.25
29.296 , -0.2200012
29.297 , -0.2399979
29.299 , -0.2099991
29.3 , -0.2299957
29.301 , -0.1999969
29.302 , -0.2299957
29.304 , -0.1899948
29.305 , -0.2199936
29.306 , -0.2199936
29.307 , -0.2099991
29.308 , -0.25
29.31 , -0.2699966
29.319 , -0.25
29.32 , -0.2399979
29.321 , -0.2799988
29.322 , -0.2399979
29.324 , -0.2699966
29.325 , -0.2699966
29.326 , -0.2699966
29.327 , -0.2599945
29.328 , -0.2599945
29.33 , -0.2700043
29.331 , -0.2700043
29.332 , -0.3000031
29.333 , -0.2600021
29.334 , -0.2600021
29.335 , -0.3300018
29.337 , -0.25
29.338 , -0.2799988
29.339 , -0.2799988
29.34 , -0.2699966
29.342 , -0.3099976
29.343 , -0.3099976
29.344 , -0.2600021
29.345 , -0.3000031
29.346 , -0.2600021
29.347 , -0.2900009
29.349 , -0.2900009
29.35 , -0.2799988
29.351 , -0.3099976
29.352 , -0.3099976
29.353 , -0.2799988
29.355 , -0.3000031
29.356 , -0.340004
29.357 , -0.3499985
29.358 , -0.3499985
29.359 , -0.3499985
29.361 , -0.3199997
29.362 , -0.2799988
29.363 , -0.3199997
29.364 , -0.3299942
29.366 , -0.3299942
29.367 , -0.3499985
29.368 , -0.3199997
29.369 , -0.3199997
29.37 , -0.3099976
29.372 , -0.3399963
29.373 , -0.3399963
29.374 , -0.3299942
29.375 , -0.3299942
29.376 , -0.3699951
29.378 , -0.3600006
29.379 , -0.390007
29.38 , -0.3499985
29.381 , -0.3099976
29.383 , -0.3800049
29.384 , -0.3399963
29.385 , -0.3700027
29.386 , -0.3399963
29.387 , -0.3299942
29.389 , -0.3299942
29.39 , -0.3199997
29.391 , -0.3500061
29.392 , -0.3899994
29.393 , -0.3899994
29.395 , -0.3799973
29.396 , -0.340004
29.397 , -0.3699951
29.398 , -0.3699951
29.4 , -0.390007
29.401 , -0.3600006
29.402 , -0.3600006
29.403 , -0.3600006
29.404 , -0.3499985
29.405 , -0.3800049
29.407 , -0.3700027
29.408 , -0.409996
29.409 , -0.3700027
29.41 , -0.3999939
29.411 , -0.3999939
29.413 , -0.3999939
29.414 , -0.3899994
29.415 , -0.3899994
29.416 , -0.3500061
29.417 , -0.4300003
29.419 , -0.4000015
29.42 , -0.4300003
29.421 , -0.3899994
29.422 , -0.4199982
29.423 , -0.3899994
29.424 , -0.3799973
29.426 , -0.409996
29.427 , -0.3700027
29.428 , -0.4000015
29.429 , -0.4000015
29.43 , -0.4000015
29.432 , -0.3899994
29.433 , -0.3899994
29.434 , -0.4199982
29.435 , -0.3799973
29.436 , -0.4499969
29.438 , -0.4400024
29.439 , -0.4800034
29.44 , -0.4400024
29.441 , -0.4300003
29.442 , -0.4700012
29.444 , -0.4199982
29.445 , -0.4599991
29.446 , -0.4199982
29.447 , -0.409996
29.448 , -0.409996
29.45 , -0.4499969
29.451 , -0.4400024
29.452 , -0.4400024
29.453 , -0.4599991
29.454 , -0.4499969
29.456 , -0.4800034
29.457 , -0.5099945
29.458 , -0.4700012
29.459 , -0.4399948
29.46 , -0.4700012
29.462 , -0.4600067
29.463 , -0.4600067
29.464 , -0.4500046
29.465 , -0.4199982
29.466 , -0.4899979
29.468 , -0.4799957
29.469 , -0.4799957
29.47 , -0.4400024
29.471 , -0.4300003
29.472 , -0.4699936
29.474 , -0.4599991
29.475 , -0.4900055
29.476 , -0.4900055
29.477 , -0.4800034
29.478 , -0.4800034
29.48 , -0.4800034
29.481 , -0.4700012
29.482 , -0.4700012
29.483 , -0.4700012
29.484 , -0.4300003
29.486 , -0.4600067
29.487 , -0.4899979
29.488 , -0.4500046
29.489 , -0.4500046
29.49 , -0.4899979
29.492 , -0.4799957
29.493 , -0.4400024
29.494 , -0.4300003
29.495 , -0.4699936
29.496 , -0.4699936
29.498 , -0.4800034
29.499 , -0.4800034
29.5 , -0.5300064
29.501 , -0.4499969
29.502 , -0.5200043
29.503 , -0.4100037
29.505 , -0.4599991
29.506 , -0.4599991
29.507 , -0.4599991
29.508 , -0.5
29.509 , -0.4499969
29.511 , -0.4900055
29.512 , -0.4900055
29.513 , -0.4900055
29.514 , -0.5
29.515 , -0.5
29.517 , -0.5299988
29.518 , -0.4899979
29.519 , -0.4899979
29.52 , -0.5199966
29.521 , -0.5100021
29.523 , -0.4800034
29.524 , -0.5
29.525 , -0.5
29.526 , -0.5
29.527 , -0.5
29.528 , -0.4599991
29.53 , -0.4899979
29.531 , -0.4499969
29.532 , -0.4799957
29.533 , -0.5199966
29.534 , -0.5299988
29.536 , -0.5299988
29.537 , -0.5800018
29.538 , -0.5199966
29.539 , -0.5199966
29.54 , -0.5699997
29.542 , -0.5599976
29.543 , -0.5099945
29.544 , -0.5500031
29.545 , -0.5500031
29.546 , -0.5
29.548 , -0.5400009
29.549 , -0.4899979
29.55 , -0.5400009
29.551 , -0.5299988
29.553 , -0.5299988
29.554 , -0.5199966
29.555 , -0.5699997
29.556 , -0.5399933
29.557 , -0.5399933
29.559 , -0.5299988
29.56 , -0.5299988
29.561 , -0.590004
29.562 , -0.5500031
29.563 , -0.5500031
29.565 , -0.5099945
29.566 , -0.5400009
29.567 , -0.5099945
29.568 , -0.5
29.569 , -0.5
29.57 , -0.5300064
29.572 , -0.5200043
29.573 , -0.5200043
29.574 , -0.4899979
29.575 , -0.5500031
29.576 , -0.5100021
29.578 , -0.5
29.579 , -0.5400009
29.58 , -0.5
29.581 , -0.4900055
29.582 , -0.4599991
29.584 , -0.4599991
29.585 , -0.4499969
29.586 , -0.4499969
29.587 , -0.4300003
29.588 , -0.4199982
29.59 , -0.4199982
29.591 , -0.409996
29.592 , -0.359993
29.593 , -0.3399963
29.595 , -0.3499985
29.596 , -0.3499985
29.597 , -0.3499985
29.598 , -0.3399963
29.599 , -0.3199997
29.601 , -0.2699966
29.602 , -0.2399979
29.603 , -0.1699982
29.604 , -0.1699982
29.606 , -0.1399994
29.607 , -0.1399994
29.608 , -0.05999756
29.609 , -0.02000427
29.611 , 0.02000427
29.612 , 0.04000092
29.613 , 0.1100006
29.615 , 0.1600037
29.616 , 0.1600037
29.617 , 0.1600037
29.618 , 0.1999969
29.619 , 0.2599945
29.621 , 0.3000031
29.622 , 0.3399963
29.623 , 0.3700027
29.624 , 0.4100037
29.625 , 0.4500046
29.626 , 0.4500046
29.628 , 0.5199966
29.629 , 0.5499954
29.63 , 0.5899963
29.631 , 0.5999985
29.632 , 0.6299973
29.634 , 0.6299973
29.635 , 0.6600037
29.636 , 0.6600037
29.637 , 0.6600037
29.638 , 0.6700058
29.64 , 0.7400055
29.641 , 0.7900009
29.642 , 0.7900009
29.643 , 0.8199997
29.644 , 0.8199997
29.646 , 0.8300018
29.647 , 0.8499985
29.648 , 0.8600006
29.649 , 0.9700012
29.65 , 0.9300003
29.651 , 0.8600006
29.653 , 0.9399948
29.654 , 0.9399948
29.655 , 0.9499969
29.656 , 0.8799973
29.658 , 0.9599991
29.659 , 0.9599991
29.66 , 0.9599991
29.661 , 0.9599991
29.662 , 1.010002
29.664 , 1.010002
29.665 , 1.019997
29.666 , 1.019997
29.667 , 0.9799957
29.668 , 0.9899979
29.67 , 1.029999
29.671 , 1.029999
29.672 , 1.0
29.673 , 0.9300003
29.674 , 1.0
29.675 , 0.9400024
29.677 , 1.010002
29.678 , 0.9499969
29.679 , 1.019997
29.68 , 0.9499969
29.681 , 1.019997
29.683 , 1.029999
29.684 , 0.9599991
29.685 , 1.040001
29.686 , 1.040001
29.687 , 0.9700012
29.688 , 0.9799957
29.69 , 0.9799957
29.691 , 0.9799957
29.692 , 0.9700012
29.693 , 0.9700012
29.695 , 0.9500046
29.696 , 0.9500046
29.697 , 0.9500046
29.698 , 1.010002
29.699 , 0.9900055
29.701 , 0.9900055
29.702 , 0.9700012
29.703 , 0.9700012
29.704 , 0.9700012
29.705 , 0.9800034
29.707 , 0.9400024
29.708 , 0.9900055
29.709 , 0.9500046
29.71 , 0.9500046
29.711 , 0.9500046
29.712 , 0.9300003
29.714 , 0.8899994
29.715 , 0.8799973
29.716 , 0.8499985
29.717 , 0.9000015
29.718 , 0.8600006
29.72 , 0.8600006
29.721 , 0.8600006
29.722 , 0.9000015
29.723 , 0.8700027
29.724 , 0.8300018
29.725 , 0.8399963
29.727 , 0.8799973
29.728 , 0.8099976
29.729 , 0.8499985
29.73 , 0.7799988
29.732 , 0.7700043
29.733 , 0.7700043
29.734 , 0.7400055
29.735 , 0.7099991
29.736 , 0.7099991
29.738 , 0.6799927
29.739 , 0.6899948
29.74 , 0.6199951
29.741 , 0.6199951
29.742 , 0.590004
29.744 , 0.5699997
29.745 , 0.6000061
29.746 , 0.6700058
29.747 , 0.6700058
29.748 , 0.7099991
29.75 , 0.6800003
29.751 , 0.5899963
29.752 , 0.5699997
29.753 , 0.5299988
29.754 , 0.4599991
29.756 , 0.5100021
29.757 , 0.5100021
29.758 , 0.5400009
29.759 , 0.4800034
29.76 , 0.4800034
29.762 , 0.4899979
29.763 , 0.4700012
29.764 , 0.4899979
29.765 , 0.4800034
29.766 , 0.4800034
29.768 , 0.4800034
29.769 , 0.4900055
29.77 , 0.4900055
29.771 , 0.4599991
29.772 , 0.4300003
29.774 , 0.3999939
29.775 , 0.409996
29.776 , 0.3700027
29.777 , 0.409996
29.778 , 0.409996
29.78 , 0.4199982
29.781 , 0.3800049
29.782 , 0.390007
29.783 , 0.3700027
29.784 , 0.3700027
29.785 , 0.3299942
29.787 , 0.3799973
29.788 , 0.3299942
29.789 , 0.3399963
29.79 , 0.3399963
29.791 , 0.2900009
29.793 , 0.3300018
29.794 , 0.3000031
29.795 , 0.2699966
29.796 , 0.2699966
29.797 , 0.2699966
29.799 , 0.3199997
29.8 , 0.2799988
29.801 , 0.2600021
29.802 , 0.2700043
29.804 , 0.2700043
29.805 , 0.2200012
29.806 , 0.2100067
29.807 , 0.2100067
29.808 , 0.1800003
29.809 , 0.1899948
29.81 , 0.1899948
29.812 , 0.159996
29.813 , 0.159996
29.814 , 0.1399994
29.815 , 0.159996
29.817 , 0.09999847
29.818 , 0.1500015
29.819 , 0.159996
29.82 , 0.109993
29.822 , 0.09999847
29.823 , 0.09999847
29.824 , 0.06999969
29.826 , 0.1100006
29.827 , 0.1100006
29.828 , 0.08000183
29.83 , 0.09000397
29.831 , 0.05000305
29.832 , 0.04000092
29.834 , 0.04000092
29.835 , 0.04000092
29.836 , 0.0
29.838 , 0.05000305
29.839 , 0.01000214
29.84 , -0.01000214
29.842 , 0.0
29.843 , 0.02000427
29.844 , 0.02000427
29.845 , 0.02000427
29.847 , 0.009994507
29.848 , 0.02999878
29.85 , -0.02999878
29.851 , 0.01999664
29.853 , -0.01999664
29.854 , -0.01999664
29.855 , -0.04000092
29.857 , -0.03000641
29.858 , -0.06000519
29.86 , -0.05000305
29.861 , -0.02000427
29.862 , -0.01000214
29.864 , -0.04000092
29.865 , -0.04000092
29.866 , -0.06999969
29.868 , 0.0
29.869 , -0.06000519
29.87 , -0.06000519
29.872 , -0.05000305
29.873 , -0.06999969
29.875 , -0.05000305
29.876 , -0.05999756
29.877 , -0.05999756
29.879 , -0.03000641
29.88 , -0.05000305
29.882 , -0.04000092
29.883 , -0.04000092
29.884 , -0.04000092
29.886 , -0.02999878
29.887 , -0.08000183
29.889 , -0.06999969
29.89 , -0.06999969
29.892 , -0.01999664
29.893 , -0.08000183
29.895 , -0.08000183
29.896 , -0.09999847
29.897 , -0.06999969
29.899 , -0.05999756
29.9 , -0.05999756
29.902 , -0.08999634
29.903 , -0.05000305
29.904 , -0.03000641
29.906 , -0.02000427
29.907 , 0.02999878
29.909 , -0.02999878
29.91 , -0.01000214
29.911 , -0.05999756
29.913 , -0.01999664
29.914 , -0.01999664
29.916 , -0.01000214
29.917 , -0.01000214
29.918 , -0.08000183
29.92 , -0.02999878
29.921 , -0.02999878
29.923 , 0.01000214
29.924 , 0.01000214
29.925 , 0.01000214
29.927 , 0.02000427
29.928 , -0.009994507
29.93 , 0.0
29.931 , -0.04000092
29.932 , -0.06000519
29.934 , -0.02999878
29.935 , -0.02999878
29.936 , -0.01999664
29.938 , -0.04000092
29.939 , -0.08000183
29.941 , -0.03000641
29.942 , -0.01000214
29.943 , -0.02000427
29.945 , -0.02000427
29.946 , -0.01000214
29.948 , -0.05999756
29.949 , 0.0
29.95 , -0.04999542
29.952 , -0.04999542
29.953 , -0.04000092
29.954 , -0.06000519
29.956 , -0.02999878
29.957 , -0.05000305
29.959 , -0.04000092
29.96 , -0.01999664
29.962 , -0.04000092
29.963 , -0.03000641
29.964 , -0.06000519
29.966 , -0.02000427
29.967 , -0.02000427
29.968 , -0.02000427
29.97 , -0.04000092
29.971 , -0.04000092
29.973 , -0.06999969
29.974 , -0.06999969
29.975 , -0.08999634
29.977 , -0.06000519
29.978 , -0.06000519
29.98 , -0.06999969
29.981 , -0.06999969
29.982 , -0.06999969
29.984 , -0.1100006
29.985 , -0.05999756
29.987 , -0.05000305
29.988 , -0.1000061
29.989 , -0.03000641
29.99 , -0.09000397
29.992 , -0.1100006
29.993 , -0.09999847
29.994 , -0.08000183
29.996 , -0.06999969
29.997 , -0.1399994
29.999 , -0.1399994
30.0 , -0.1500015
30.001 , -0.1300049
30.002 , -0.1300049
30.003 , -0.06999969
30.005 , -0.1200027
30.006 , -0.1100006
30.007 , -0.1100006
30.008 , -0.1500015
30.009 , -0.1999969
30.01 , -0.1399994
30.012 , -0.1399994
30.013 , -0.1300049
30.014 , -0.2000046
30.015 , -0.2000046
30.024 , -0.1700058
30.025 , -0.1700058
30.027 , -0.2300034
30.028 , -0.2099991
30.029 , -0.2099991
30.03 , -0.1999969
30.031 , -0.1999969
30.033 , -0.2099991
30.034 , -0.2299957
30.035 , -0.2099991
30.036 , -0.2000046
30.037 , -0.2000046
30.038 , -0.2200012
30.04 , -0.2099991
30.041 , -0.2600021
30.042 , -0.1900024
30.043 , -0.1999969
30.044 , -0.1999969
30.045 , -0.25
30.046 , -0.25
30.048 , -0.1900024
30.049 , -0.1900024
30.05 , -0.2300034
30.051 , -0.25
30.052 , -0.25
30.053 , -0.2200012
30.054 , -0.2200012
30.056 , -0.2200012
30.057 , -0.2299957
30.058 , -0.2299957
30.059 , -0.2799988
30.06 , -0.2200012
30.062 , -0.2000046
30.063 , -0.2099991
30.064 , -0.2600021
30.065 , -0.2099991
30.066 , -0.2099991
30.067 , -0.25
30.069 , -0.25
30.07 , -0.2600021
30.071 , -0.2400055
30.072 , -0.2600021
30.073 , -0.25
30.074 , -0.25
30.076 , -0.3000031
30.077 , -0.2900009
30.078 , -0.2900009
30.079 , -0.2900009
30.08 , -0.2799988
30.081 , -0.2999954
30.083 , -0.2900009
30.084 , -0.2900009
30.085 , -0.2900009
30.086 , -0.2700043
30.087 , -0.2799988
30.089 , -0.2799988
30.09 , -0.2699966
30.091 , -0.2900009
30.092 , -0.2900009
30.093 , -0.2799988
30.095 , -0.2799988
30.096 , -0.2799988
30.097 , -0.3199997
30.098 , -0.2700043
30.099 , -0.3199997
30.101 , -0.3099976
30.102 , -0.3099976
30.103 , -0.2999954
30.104 , -0.2999954
30.105 , -0.3199997
30.107 , -0.2900009
30.108 , -0.3100052
30.109 , -0.3100052
30.11 , -0.2799988
30.111 , -0.3499985
30.112 , -0.2799988
30.114 , -0.2900009
30.115 , -0.2900009
30.116 , -0.3399963
30.117 , -0.2799988
30.118 , -0.3299942
30.12 , -0.2700043
30.121 , -0.2700043
30.122 , -0.3199997
30.123 , -0.340004
30.124 , -0.3099976
30.125 , -0.3099976
30.127 , -0.3199997
30.128 , -0.2999954
30.129 , -0.2999954
30.13 , -0.3100052
30.131 , -0.3100052
30.132 , -0.3100052
30.134 , -0.3199997
30.135 , -0.3199997
30.136 , -0.3199997
30.137 , -0.3600006
30.138 , -0.3099976
30.14 , -0.2799988
30.141 , -0.3499985
30.142 , -0.2999954
30.143 , -0.2999954
30.144 , -0.2900009
30.146 , -0.2900009
30.147 , -0.3499985
30.148 , -0.3499985
30.149 , -0.3499985
30.15 , -0.3399963
30.152 , -0.3399963
30.153 , -0.3899994
30.154 , -0.3300018
30.155 , -0.3300018
30.156 , -0.3800049
30.157 , -0.3700027
30.159 , -0.3700027
30.16 , -0.3799973
30.161 , -0.3600006
30.162 , -0.3600006
30.163 , -0.3600006
30.164 , -0.3499985
30.166 , -0.3699951
30.167 , -0.340004
30.168 , -0.3600006
30.169 , -0.340004
30.17 , -0.3700027
30.172 , -0.3700027
30.173 , -0.3499985
30.174 , -0.3600006
30.175 , -0.3600006
30.176 , -0.3399963
30.177 , -0.3499985
30.179 , -0.3999939
30.18 , -0.3899994
30.181 , -0.3899994
30.182 , -0.3899994
30.183 , -0.3899994
30.185 , -0.3799973
30.186 , -0.3799973
30.187 , -0.3699951
30.188 , -0.3199997
30.189 , -0.3699951
30.191 , -0.3800049
30.192 , -0.3800049
30.193 , -0.3800049
30.194 , -0.4199982
30.195 , -0.3700027
30.197 , -0.3600006
30.198 , -0.3600006
30.199 , -0.409996
30.2 , -0.409996
30.201 , -0.3999939
30.203 , -0.3999939
30.204 , -0.3899994
30.205 , -0.340004
30.206 , -0.4100037
30.207 , -0.4000015
30.209 , -0.4000015
30.21 , -0.4000015
30.211 , -0.3899994
30.212 , -0.4399948
30.213 , -0.3899994
30.214 , -0.4300003
30.216 , -0.4300003
30.217 , -0.4199982
30.218 , -0.4199982
30.219 , -0.4199982
30.22 , -0.4400024
30.222 , -0.4300003
30.223 , -0.409996
30.224 , -0.4199982
30.225 , -0.3999939
30.226 , -0.3999939
30.228 , -0.4100037
30.229 , -0.4100037
30.23 , -0.4100037
30.231 , -0.4199982
30.232 , -0.4000015
30.233 , -0.4199982
30.235 , -0.409996
30.236 , -0.4599991
30.237 , -0.4500046
30.238 , -0.4000015
30.239 , -0.4500046
30.24 , -0.4000015
30.242 , -0.4599991
30.243 , -0.4599991
30.244 , -0.3799973
30.245 , -0.4300003
30.246 , -0.4300003
30.247 , -0.3699951
30.249 , -0.4199982
30.25 , -0.4199982
30.251 , -0.4300003
30.252 , -0.4300003
30.253 , -0.4800034
30.254 , -0.4199982
30.256 , -0.4199982
30.257 , -0.4599991
30.258 , -0.409996
30.259 , -0.4599991
30.261 , -0.4499969
30.262 , -0.3999939
30.263 , -0.4699936
30.264 , -0.4599991
30.266 , -0.4400024
30.267 , -0.4499969
30.268 , -0.3799973
30.269 , -0.4499969
30.27 , -0.4499969
30.272 , -0.4199982
30.273 , -0.4199982
30.274 , -0.4500046
30.275 , -0.4500046
30.276 , -0.4500046
30.277 , -0.4500046
30.279 , -0.4400024
30.28 , -0.4400024
30.281 , -0.409996
30.282 , -0.4300003
30.283 , -0.409996
30.284 , -0.3999939
30.286 , -0.3999939
30.287 , -0.3999939
30.288 , -0.3899994
30.289 , -0.3899994
30.291 , -0.3799973
30.292 , -0.4000015
30.293 , -0.3799973
30.294 , -0.3699951
30.295 , -0.3699951
30.297 , -0.3699951
30.298 , -0.340004
30.299 , -0.3600006
30.3 , -0.340004
30.301 , -0.3300018
30.302 , -0.2799988
30.304 , -0.1999969
30.305 , -0.25
30.306 , -0.1800003
30.307 , -0.1800003
30.308 , -0.1699982
30.309 , -0.1699982
30.311 , -0.09000397
30.312 , -0.09000397
30.313 , -0.09000397
30.315 , -0.05999756
30.316 , -0.01000214
30.317 , 0.05999756
30.319 , 0.06999969
30.32 , 0.09000397
30.322 , 0.1199951
30.323 , 0.1899948
30.324 , 0.1999969
30.325 , 0.2699966
30.326 , 0.2900009
30.328 , 0.3000031
30.329 , 0.3499985
30.33 , 0.3700027
30.331 , 0.3800049
30.332 , 0.4500046
30.333 , 0.4500046
30.335 , 0.4599991
30.336 , 0.4799957
30.337 , 0.5299988
30.338 , 0.5400009
30.339 , 0.5400009
30.34 , 0.5599976
30.342 , 0.6399994
30.343 , 0.6399994
30.344 , 0.7000046
30.345 , 0.7200012
30.346 , 0.7200012
30.348 , 0.75
30.349 , 0.7299957
30.35 , 0.75
30.351 , 0.7399979
30.352 , 0.7600021
30.353 , 0.7600021
30.355 , 0.7700043
30.356 , 0.8199997
30.357 , 0.8199997
30.358 , 0.8299942
30.359 , 0.8299942
30.361 , 0.8399963
30.362 , 0.8600006
30.363 , 0.909996
30.364 , 0.8399963
30.365 , 0.8700027
30.366 , 0.8700027
30.368 , 0.8800049
30.369 , 0.9300003
30.37 , 0.8600006
30.371 , 0.8899994
30.372 , 0.8899994
30.373 , 0.8899994
30.375 , 0.9000015
30.376 , 0.8799973
30.377 , 0.9000015
30.378 , 0.9100037
30.379 , 0.9100037
30.38 , 0.8899994
30.382 , 0.8999939
30.383 , 0.9199982
30.384 , 0.8999939
30.385 , 0.9799957
30.387 , 0.909996
30.388 , 0.9400024
30.389 , 0.8700027
30.39 , 0.9400024
30.391 , 0.8800049
30.393 , 0.9300003
30.394 , 0.9300003
30.395 , 0.8699951
30.396 , 0.8899994
30.397 , 0.8899994
30.399 , 0.8799973
30.4 , 0.9000015
30.401 , 0.8700027
30.402 , 0.8899994
30.403 , 0.9100037
30.404 , 0.8700027
30.406 , 0.8799973
30.407 , 0.8799973
30.408 , 0.8199997
30.409 , 0.8399963
30.41 , 0.8399963
30.412 , 0.8499985
30.413 , 0.8300018
30.414 , 0.7799988
30.415 , 0.7900009
30.416 , 0.7700043
30.418 , 0.7799988
30.419 , 0.7999954
30.42 , 0.7299957
30.421 , 0.7399979
30.422 , 0.7399979
30.424 , 0.7200012
30.425 , 0.75
30.426 , 0.7300034
30.427 , 0.75
30.428 , 0.7200012
30.429 , 0.6700058
30.43 , 0.6000061
30.432 , 0.6100006
30.433 , 0.5199966
30.434 , 0.5
30.435 , 0.4400024
30.436 , 0.4199982
30.437 , 0.3700027
30.438 , 0.3800049
30.44 , 0.4300003
30.441 , 0.4700012
30.442 , 0.5499954
30.443 , 0.5999985
30.444 , 0.6199951
30.446 , 0.5599976
30.447 , 0.5400009
30.448 , 0.4599991
30.449 , 0.4599991
30.45 , 0.4800034
30.452 , 0.4700012
30.453 , 0.5100021
30.454 , 0.4900055
30.455 , 0.5199966
30.456 , 0.4799957
30.457 , 0.4300003
30.459 , 0.3700027
30.46 , 0.3700027
30.461 , 0.3700027
30.462 , 0.4300003
30.463 , 0.4300003
30.464 , 0.4300003
30.465 , 0.3899994
30.467 , 0.3899994
30.468 , 0.4000015
30.469 , 0.3799973
30.47 , 0.3099976
30.471 , 0.3300018
30.473 , 0.3199997
30.474 , 0.3199997
30.475 , 0.4000015
30.476 , 0.3500061
30.477 , 0.3500061
30.479 , 0.3600006
30.48 , 0.3199997
30.481 , 0.3199997
30.482 , 0.3300018
30.483 , 0.3300018
30.484 , 0.3300018
30.486 , 0.2900009
30.487 , 0.340004
30.488 , 0.2999954
30.489 , 0.3499985
30.49 , 0.2799988
30.492 , 0.2399979
30.493 , 0.2399979
30.494 , 0.2399979
30.495 , 0.2300034
30.496 , 0.2300034
30.497 , 0.2300034
30.499 , 0.2400055
30.5 , 0.2200012
30.501 , 0.2200012
30.502 , 0.2299957
30.503 , 0.25
30.504 , 0.1800003
30.505 , 0.2399979
30.507 , 0.2399979
30.508 , 0.25
30.509 , 0.25
30.51 , 0.1800003
30.511 , 0.2000046
30.512 , 0.1900024
30.514 , 0.140007
30.515 , 0.1500015
30.516 , 0.1299973
30.517 , 0.1299973
30.518 , 0.1299973
30.519 , 0.1399994
30.521 , 0.09000397
30.522 , 0.1000061
30.523 , 0.1500015
30.524 , 0.1500015
30.525 , 0.159996
30.527 , 0.08999634
30.528 , 0.08999634
30.529 , 0.08000183
30.531 , 0.08000183
30.532 , 0.09000397
30.534 , 0.04000092
30.535 , 0.03000641
30.536 , 0.03000641
30.538 , 0.05000305
30.539 , 0.04000092
30.54 , -0.01000214
30.542 , 0.05000305
30.543 , 0.05000305
30.545 , 0.06000519
30.546 , 0.01000214
30.547 , 0.01000214
30.549 , 0.01999664
30.55 , 0.0
30.551 , 0.0
30.552 , 0.01000214
30.553 , 0.01000214
30.555 , 0.0
30.556 , -0.06999969
30.557 , 0.0
30.559 , -0.05999756
30.56 , -0.05999756
30.561 , -0.05999756
30.563 , -0.05000305
30.564 , -0.05000305
30.566 , 0.02999878
30.567 , 0.02999878
30.568 , -0.04000092
30.57 , -0.02999878
30.571 , -0.04999542
30.573 , -0.04000092
30.574 , -0.09000397
30.575 , -0.02999878
30.577 , -0.08000183
30.578 , -0.09999847
30.58 , -0.06999969
30.581 , -0.01999664
30.583 , -0.05999756
30.584 , -0.05999756
30.586 , -0.05000305
30.587 , -0.05000305
30.588 , -0.05000305
30.59 , -0.04000092
30.591 , -0.09000397
30.592 , -0.1199951
30.594 , -0.08000183
30.595 , -0.08000183
30.596 , -0.109993
30.598 , -0.109993
30.599 , -0.1200027
30.6 , -0.06000519
30.601 , -0.1200027
30.603 , -0.08999634
30.604 , -0.1100006
30.605 , -0.08999634
30.607 , -0.0799942
30.608 , -0.0799942
30.609 , -0.06999969
30.611 , -0.06999969
30.612 , -0.08000183
30.614 , -0.08000183
30.615 , -0.1299973
30.616 , -0.1199951
30.617 , -0.06999969
30.619 , -0.109993
30.62 , -0.109993
30.621 , -0.109993
30.622 , -0.09999847
30.624 , -0.09999847
30.625 , -0.09999847
30.626 , -0.1100006
30.628 , -0.1100006
30.629 , -0.1500015
30.63 , -0.1500015
30.631 , -0.09999847
30.632 , -0.140007
30.634 , -0.1600037
30.635 , -0.140007
30.636 , -0.1500015
30.637 , -0.1300049
30.638 , -0.1300049
30.64 , -0.1200027
30.641 , -0.1399994
30.642 , -0.1299973
30.643 , -0.1100006
30.644 , -0.1499939
30.645 , -0.1299973
30.647 , -0.1200027
30.648 , -0.1000061
30.649 , -0.1299973
30.65 , -0.1100006
30.651 , -0.1100006
30.652 , -0.1199951
30.654 , -0.1699982
30.655 , -0.1699982
30.656 , -0.1600037
30.657 , -0.1600037
30.658 , -0.1600037
30.659 , -0.1500015
30.661 , -0.09999847
30.662 , -0.08999634
30.663 , -0.1399994
30.665 , -0.1399994
30.666 , -0.0799942
30.667 , -0.0799942
30.669 , -0.1200027
30.67 , -0.1200027
30.671 , -0.1399994
30.672 , -0.1200027
30.673 , -0.1299973
30.675 , -0.1800003
30.676 , -0.1199951
30.677 , -0.1199951
30.678 , -0.1699982
30.679 , -0.159996
30.68 , -0.1799927
30.682 , -0.159996
30.683 , -0.09999847
30.684 , -0.1500015
30.685 , -0.1699982
30.687 , -0.1399994
30.688 , -0.1399994
30.689 , -0.1299973
30.69 , -0.1499939
30.692 , -0.1499939
30.693 , -0.1200027
30.694 , -0.1399994
30.695 , -0.1399994
30.696 , -0.1500015
30.698 , -0.1299973
30.699 , -0.1399994
30.7 , -0.1399994
30.701 , -0.1399994
30.702 , -0.1399994
30.712 , -0.1600037
30.713 , -0.1699982
30.714 , -0.1699982
30.715 , -0.1699982
30.716 , -0.1600037
30.718 , -0.1600037
30.719 , -0.1500015
30.72 , -0.1500015
30.721 , -0.1300049
30.722 , -0.1500015
30.723 , -0.1399994
30.725 , -0.1900024
30.726 , -0.1800003
30.727 , -0.1999969
30.728 , -0.1800003
30.729 , -0.1700058
30.73 , -0.1900024
30.732 , -0.1700058
30.733 , -0.1999969
30.734 , -0.1600037
30.735 , -0.1800003
30.736 , -0.1699982
30.737 , -0.1699982
30.739 , -0.1800003
30.74 , -0.1600037
30.741 , -0.2300034
30.742 , -0.2300034
30.743 , -0.1699982
30.744 , -0.1699982
30.746 , -0.159996
30.747 , -0.159996
30.748 , -0.2099991
30.749 , -0.159996
30.75 , -0.1999969
30.752 , -0.1999969
30.753 , -0.1900024
30.754 , -0.2600021
30.755 , -0.2099991
30.756 , -0.1999969
30.758 , -0.1999969
30.759 , -0.2700043
30.76 , -0.2600021
30.761 , -0.2600021
30.762 , -0.2399979
30.763 , -0.2299957
30.765 , -0.2299957
30.766 , -0.2200012
30.767 , -0.1699982
30.768 , -0.2200012
30.769 , -0.2200012
30.771 , -0.2300034
30.772 , -0.2099991
30.773 , -0.2200012
30.774 , -0.2200012
30.775 , -0.2200012
30.776 , -0.2600021
30.778 , -0.2600021
30.779 , -0.2600021
30.78 , -0.25
30.781 , -0.25
30.782 , -0.2000046
30.783 , -0.2600021
30.785 , -0.2600021
30.786 , -0.2299957
30.787 , -0.2299957
30.788 , -0.2299957
30.789 , -0.25
30.791 , -0.2200012
30.792 , -0.2600021
30.793 , -0.2300034
30.794 , -0.25
30.795 , -0.25
30.796 , -0.2200012
30.798 , -0.2399979
30.799 , -0.2900009
30.8 , -0.2300034
30.801 , -0.2800064
30.802 , -0.3000031
30.803 , -0.2700043
30.804 , -0.2900009
30.806 , -0.2099991
30.807 , -0.2799988
30.808 , -0.2600021
30.809 , -0.2600021
30.81 , -0.2699966
30.812 , -0.2699966
30.813 , -0.2600021
30.814 , -0.3100052
30.815 , -0.3100052
30.816 , -0.3000031
30.817 , -0.3199997
30.819 , -0.3199997
30.82 , -0.3099976
30.821 , -0.2900009
30.822 , -0.3099976
30.824 , -0.3000031
30.825 , -0.2800064
30.826 , -0.3200073
30.827 , -0.2900009
30.828 , -0.3100052
30.829 , -0.2900009
30.831 , -0.2600021
30.832 , -0.3000031
30.833 , -0.2699966
30.834 , -0.2699966
30.835 , -0.2699966
30.837 , -0.2800064
30.838 , -0.2800064
30.839 , -0.2800064
30.84 , -0.3199997
30.841 , -0.2700043
30.842 , -0.25
30.844 , -0.2600021
30.845 , -0.2600021
30.846 , -0.2600021
30.847 , -0.25
30.848 , -0.25
30.849 , -0.2999954
30.851 , -0.2900009
30.852 , -0.2900009
30.853 , -0.2799988
30.854 , -0.3000031
30.855 , -0.2799988
30.856 , -0.3000031
30.858 , -0.2900009
30.859 , -0.3600006
30.86 , -0.3300018
30.861 , -0.3300018
30.862 , -0.3300018
30.864 , -0.340004
30.865 , -0.3199997
30.866 , -0.3199997
30.867 , -0.3099976
30.868 , -0.3300018
30.87 , -0.2999954
30.871 , -0.3199997
30.872 , -0.3699951
30.873 , -0.3100052
30.874 , -0.3600006
30.875 , -0.3600006
30.877 , -0.3000031
30.878 , -0.3700027
30.879 , -0.3700027
30.88 , -0.2900009
30.881 , -0.3399963
30.883 , -0.3300018
30.884 , -0.3500061
30.885 , -0.3500061
30.886 , -0.3300018
30.887 , -0.3199997
30.888 , -0.340004
30.89 , -0.3099976
30.891 , -0.3499985
30.892 , -0.3499985
30.893 , -0.3399963
30.894 , -0.3399963
30.896 , -0.3899994
30.897 , -0.3800049
30.898 , -0.3300018
30.899 , -0.3800049
30.901 , -0.3199997
30.902 , -0.3700027
30.903 , -0.3700027
30.904 , -0.3099976
30.905 , -0.3099976
30.907 , -0.3000031
30.908 , -0.3700027
30.909 , -0.3500061
30.91 , -0.340004
30.911 , -0.3600006
30.912 , -0.3600006
30.914 , -0.3499985
30.915 , -0.3499985
30.916 , -0.3499985
30.917 , -0.3399963
30.918 , -0.3399963
30.92 , -0.3800049
30.921 , -0.3800049
30.922 , -0.3100052
30.923 , -0.3800049
30.924 , -0.3199997
30.925 , -0.3700027
30.927 , -0.3099976
30.928 , -0.3600006
30.929 , -0.3600006
30.93 , -0.2999954
30.931 , -0.3699951
30.933 , -0.3499985
30.934 , -0.340004
30.935 , -0.340004
30.936 , -0.3600006
30.937 , -0.3499985
30.939 , -0.3499985
30.94 , -0.3600006
30.941 , -0.3600006
30.942 , -0.3600006
30.943 , -0.3399963
30.944 , -0.3300018
30.946 , -0.3500061
30.947 , -0.3899994
30.948 , -0.340004
30.949 , -0.340004
30.95 , -0.3300018
30.951 , -0.3300018
30.953 , -0.3799973
30.954 , -0.3699951
30.955 , -0.3899994
30.956 , -0.3899994
30.957 , -0.3800049
30.959 , -0.3800049
30.96 , -0.3700027
30.961 , -0.3700027
30.962 , -0.3499985
30.963 , -0.4199982
30.965 , -0.3600006
30.966 , -0.3600006
30.967 , -0.4000015
30.968 , -0.4000015
30.969 , -0.4000015
30.971 , -0.3899994
30.972 , -0.3899994
30.973 , -0.4300003
30.974 , -0.4199982
30.975 , -0.4199982
30.976 , -0.4199982
30.978 , -0.409996
30.979 , -0.409996
30.98 , -0.4000015
30.981 , -0.4500046
30.982 , -0.4000015
30.984 , -0.3899994
30.985 , -0.3899994
30.986 , -0.3899994
30.987 , -0.3799973
30.988 , -0.4499969
30.99 , -0.4300003
30.991 , -0.3700027
30.992 , -0.4200058
30.993 , -0.4200058
30.994 , -0.4300003
30.996 , -0.4300003
30.997 , -0.4199982
30.998 , -0.4199982
30.999 , -0.4199982
31.0 , -0.4199982
31.002 , -0.3899994
31.003 , -0.409996
31.004 , -0.3800049
31.005 , -0.4000015
31.006 , -0.3800049
31.007 , -0.3899994
31.009 , -0.3899994
31.01 , -0.3700027
31.011 , -0.4300003
31.012 , -0.4300003
31.013 , -0.3600006
31.014 , -0.3499985
31.016 , -0.3699951
31.017 , -0.3600006
31.018 , -0.3600006
31.019 , -0.3600006
31.02 , -0.340004
31.021 , -0.3300018
31.022 , -0.3300018
31.024 , -0.2699966
31.025 , -0.2299957
31.026 , -0.2699966
31.027 , -0.2200012
31.028 , -0.2200012
31.03 , -0.2200012
31.031 , -0.1600037
31.032 , -0.1399994
31.033 , -0.1600037
31.034 , -0.05999756
31.035 , -0.08000183
31.037 , -0.04999542
31.038 , -0.04999542
31.04 , 0.02000427
31.041 , 0.04999542
31.042 , 0.04999542
31.044 , 0.1299973
31.045 , 0.1299973
31.046 , 0.1999969
31.047 , 0.2099991
31.048 , 0.2099991
31.05 , 0.3000031
31.051 , 0.3099976
31.052 , 0.3099976
31.053 , 0.359993
31.054 , 0.3899994
31.056 , 0.409996
31.057 , 0.4199982
31.058 , 0.4199982
31.059 , 0.4700012
31.06 , 0.4899979
31.062 , 0.5
31.063 , 0.5500031
31.064 , 0.5799942
31.065 , 0.5799942
31.066 , 0.5799942
31.067 , 0.6499939
31.069 , 0.6100006
31.07 , 0.6100006
31.071 , 0.6699982
31.072 , 0.6200027
31.073 , 0.6900024
31.074 , 0.6799927
31.076 , 0.6999969
31.077 , 0.6799927
31.078 , 0.6899948
31.079 , 0.7099991
31.081 , 0.7700043
31.082 , 0.7700043
31.083 , 0.7700043
31.084 , 0.7300034
31.085 , 0.7800064
31.086 , 0.8000031
31.088 , 0.8099976
31.089 , 0.8099976
31.09 , 0.8099976
31.091 , 0.8199997
31.092 , 0.8199997
31.094 , 0.8300018
31.095 , 0.8100052
31.096 , 0.8100052
31.097 , 0.8100052
31.098 , 0.840004
31.099 , 0.8200073
31.101 , 0.8499985
31.102 , 0.8300018
31.103 , 0.8499985
31.104 , 0.840004
31.105 , 0.840004
31.106 , 0.840004
31.108 , 0.8700027
31.109 , 0.8700027
31.11 , 0.8500061
31.111 , 0.8600006
31.112 , 0.8099976
31.113 , 0.8600006
31.114 , 0.8199997
31.116 , 0.8199997
31.117 , 0.8700027
31.118 , 0.8800049
31.119 , 0.8099976
31.12 , 0.8300018
31.122 , 0.840004
31.123 , 0.840004
31.124 , 0.8299942
31.125 , 0.8299942
31.126 , 0.7799988
31.127 , 0.7799988
31.129 , 0.8399963
31.13 , 0.7900009
31.131 , 0.8000031
31.132 , 0.7799988
31.133 , 0.7600021
31.135 , 0.7899933
31.136 , 0.7699966
31.137 , 0.7699966
31.138 , 0.7799988
31.139 , 0.7799988
31.141 , 0.7200012
31.142 , 0.7399979
31.143 , 0.7200012
31.144 , 0.7200012
31.145 , 0.7300034
31.147 , 0.7300034
31.148 , 0.6899948
31.149 , 0.6699982
31.15 , 0.6499939
31.151 , 0.5400009
31.152 , 0.4499969
31.154 , 0.3799973
31.155 , 0.3199997
31.156 , 0.2300034
31.157 , 0.2099991
31.158 , 0.2199936
31.16 , 0.3099976
31.161 , 0.4799957
31.162 , 0.6399994
31.163 , 0.7099991
31.164 , 0.7099991
31.166 , 0.6500015
31.167 , 0.5599976
31.168 , 0.4800034
31.169 , 0.3600006
31.17 , 0.3600006
31.171 , 0.3499985
31.173 , 0.3699951
31.174 , 0.3699951
31.175 , 0.4300003
31.176 , 0.4300003
31.177 , 0.3600006
31.178 , 0.3700027
31.18 , 0.3499985
31.181 , 0.3800049
31.182 , 0.3800049
31.183 , 0.4500046
31.184 , 0.4500046
31.185 , 0.4799957
31.187 , 0.4599991
31.188 , 0.4199982
31.189 , 0.4000015
31.19 , 0.3300018
31.191 , 0.3199997
31.193 , 0.3199997
31.194 , 0.2300034
31.195 , 0.2799988
31.196 , 0.2799988
31.197 , 0.2799988
31.198 , 0.2900009
31.2 , 0.3399963
31.201 , 0.3700027
31.202 , 0.3000031
31.203 , 0.3499985
31.204 , 0.3000031
31.205 , 0.3100052
31.207 , 0.3100052
31.208 , 0.2799988
31.209 , 0.2299957
31.21 , 0.2799988
31.211 , 0.2900009
31.213 , 0.2200012
31.214 , 0.2399979
31.215 , 0.25
31.216 , 0.25
31.217 , 0.2300034
31.218 , 0.2399979
31.22 , 0.2399979
31.221 , 0.1899948
31.222 , 0.25
31.223 , 0.1800003
31.224 , 0.1800003
31.225 , 0.2099991
31.226 , 0.2099991
31.228 , 0.2000046
31.229 , 0.2000046
31.23 , 0.2000046
31.231 , 0.2000046
31.232 , 0.159996
31.233 , 0.159996
31.235 , 0.1500015
31.236 , 0.1699982
31.237 , 0.1500015
31.238 , 0.1399994
31.239 , 0.1600037
31.24 , 0.1600037
31.242 , 0.1499939
31.243 , 0.1699982
31.244 , 0.1499939
31.245 , 0.159996
31.246 , 0.08999634
31.248 , 0.05000305
31.249 , 0.1200027
31.25 , 0.09999847
31.252 , 0.1100006
31.253 , 0.06000519
31.254 , 0.06000519
31.255 , 0.04999542
31.257 , 0.04999542
31.258 , 0.05999756
31.26 , 0.05999756
31.261 , 0.05999756
31.262 , 0.06999969
31.264 , 0.06999969
31.265 , 0.06000519
31.267 , 0.06000519
31.268 , 0.06999969
31.269 , 0.06999969
31.271 , 0.01999664
31.272 , 0.02999878
31.274 , 0.01000214
31.275 , -0.02999878
31.277 , 0.02000427
31.278 , -0.02000427
31.279 , -0.02000427
31.281 , 0.02999878
31.282 , 0.04000092
31.283 , -0.01000214
31.285 , 0.0
31.286 , 0.0
31.287 , 0.0
31.288 , 0.01000214
31.289 , 0.01000214
31.291 , -0.009994507
31.292 , 0.0
31.293 , 0.0
31.295 , -0.01000214
31.296 , -0.01000214
31.297 , -0.01000214
31.299 , 0.0
31.3 , -0.04999542
31.301 , -0.06999969
31.303 , -0.04000092
31.304 , 0.009994507
31.305 , -0.02999878
31.307 , -0.09999847
31.308 , 0.01999664
31.31 , -0.01999664
31.311 , -0.08999634
31.312 , -0.0799942
31.314 , -0.0799942
31.315 , -0.06999969
31.317 , -0.06999969
31.318 , -0.09000397
31.319 , -0.08000183
31.321 , -0.08000183
31.322 , -0.06999969
31.324 , -0.06999969
31.325 , -0.06000519
31.326 , -0.1100006
31.327 , -0.06000519
31.329 , -0.05000305
31.33 , -0.09999847
31.332 , -0.04000092
31.333 , -0.08999634
31.334 , -0.08999634
31.336 , -0.0799942
31.337 , -0.0799942
31.339 , -0.09000397
31.34 , -0.06999969
31.341 , -0.06999969
31.343 , -0.08000183
31.344 , -0.08000183
31.346 , -0.04999542
31.347 , -0.06999969
31.348 , -0.06999969
31.35 , -0.0799942
31.351 , -0.1299973
31.352 , -0.06999969
31.354 , -0.1200027
31.355 , -0.05999756
31.356 , -0.05999756
31.358 , -0.1299973
31.359 , -0.09999847
31.36 , -0.1199951
31.362 , -0.1100006
31.363 , -0.1100006
31.364 , -0.1100006
31.365 , -0.08000183
31.366 , -0.09999847
31.368 , -0.09999847
31.369 , -0.08999634
31.371 , -0.08999634
31.372 , -0.0799942
31.373 , -0.1299973
31.375 , -0.1299973
31.376 , -0.1399994
31.377 , -0.1200027
31.378 , -0.1200027
31.379 , -0.1299973
31.381 , -0.1299973
31.382 , -0.09999847
31.383 , -0.1199951
31.384 , -0.1199951
31.386 , -0.09000397
31.387 , -0.1100006
31.388 , -0.1100006
31.389 , -0.09999847
31.391 , -0.09999847
31.392 , -0.1100006
31.401 , -0.09000397
31.403 , -0.1299973
31.404 , -0.08000183
31.405 , -0.1299973
31.406 , -0.06999969
31.408 , -0.06999969
31.409 , -0.1300049
31.41 , -0.1100006
31.411 , -0.1100006
31.413 , -0.09999847
31.414 , -0.1200027
31.415 , -0.1699982
31.416 , -0.1100006
31.417 , -0.159996
31.419 , -0.1499939
31.42 , -0.1499939
31.421 , -0.1699982
31.422 , -0.1399994
31.423 , -0.1399994
31.425 , -0.1399994
31.426 , -0.1299973
31.427 , -0.08000183
31.428 , -0.1299973
31.43 , -0.1199951
31.431 , -0.1399994
31.432 , -0.1299973
31.433 , -0.1299973
31.434 , -0.1299973
31.436 , -0.1200027
31.437 , -0.1600037
31.438 , -0.1600037
31.439 , -0.1500015
31.44 , -0.1500015
31.441 , -0.1800003
31.443 , -0.1399994
31.444 , -0.1699982
31.445 , -0.1699982
31.446 , -0.1600037
31.447 , -0.1600037
31.448 , -0.1600037
31.45 , -0.1500015
31.451 , -0.1500015
31.452 , -0.1500015
31.453 , -0.1399994
31.454 , -0.159996
31.455 , -0.159996
31.457 , -0.1499939
31.458 , -0.1499939
31.459 , -0.1399994
31.46 , -0.1900024
31.461 , -0.1900024
31.463 , -0.1299973
31.464 , -0.1299973
31.465 , -0.1999969
31.466 , -0.09999847
31.468 , -0.1699982
31.469 , -0.1600037
31.47 , -0.1600037
31.471 , -0.1800003
31.472 , -0.2200012
31.474 , -0.1500015
31.475 , -0.2099991
31.476 , -0.1999969
31.477 , -0.1999969
31.478 , -0.1999969
31.48 , -0.1899948
31.481 , -0.1899948
31.482 , -0.1899948
31.483 , -0.1800003
31.484 , -0.1800003
31.486 , -0.1999969
31.487 , -0.1999969
31.488 , -0.1699982
31.489 , -0.1899948
31.49 , -0.2099991
31.492 , -0.2099991
31.493 , -0.1800003
31.494 , -0.1800003
31.495 , -0.2000046
31.496 , -0.1900024
31.498 , -0.1900024
31.499 , -0.2299957
31.5 , -0.2299957
31.501 , -0.1800003
31.502 , -0.2299957
31.503 , -0.2199936
31.505 , -0.1499939
31.506 , -0.1600037
31.507 , -0.1600037
31.508 , -0.2099991
31.509 , -0.2200012
31.51 , -0.1999969
31.512 , -0.2200012
31.513 , -0.2099991
31.514 , -0.2099991
31.515 , -0.2600021
31.516 , -0.25
31.518 , -0.2699966
31.519 , -0.2400055
31.52 , -0.2400055
31.521 , -0.2400055
31.522 , -0.2600021
31.523 , -0.25
31.525 , -0.2300034
31.526 , -0.2399979
31.527 , -0.2200012
31.528 , -0.2399979
31.529 , -0.2300034
31.531 , -0.2300034
31.532 , -0.25
31.533 , -0.2399979
31.534 , -0.2399979
31.535 , -0.2399979
31.536 , -0.2799988
31.538 , -0.2799988
31.539 , -0.2799988
31.54 , -0.2699966
31.541 , -0.2699966
31.542 , -0.2699966
31.544 , -0.2799988
31.545 , -0.2600021
31.546 , -0.2699966
31.547 , -0.25
31.548 , -0.1999969
31.55 , -0.2599945
31.551 , -0.2599945
31.552 , -0.2599945
31.553 , -0.3000031
31.554 , -0.3000031
31.556 , -0.2900009
31.557 , -0.2399979
31.558 , -0.2399979
31.559 , -0.2399979
31.56 , -0.2299957
31.562 , -0.2799988
31.563 , -0.2199936
31.564 , -0.2199936
31.565 , -0.2699966
31.566 , -0.2600021
31.568 , -0.2600021
31.569 , -0.2600021
31.57 , -0.25
31.571 , -0.2699966
31.572 , -0.25
31.573 , -0.2999954
31.575 , -0.2999954
31.576 , -0.2900009
31.577 , -0.3200073
31.578 , -0.3200073
31.579 , -0.2900009
31.58 , -0.2799988
31.582 , -0.2799988
31.583 , -0.2299957
31.584 , -0.3000031
31.585 , -0.2699966
31.586 , -0.2599945
31.588 , -0.2900009
31.589 , -0.3099976
31.59 , -0.3000031
31.591 , -0.2800064
31.592 , -0.3000031
31.594 , -0.2900009
31.595 , -0.2700043
31.596 , -0.3300018
31.597 , -0.3300018
31.598 , -0.2799988
31.599 , -0.3300018
31.601 , -0.3199997
31.602 , -0.2699966
31.603 , -0.3300018
31.604 , -0.3100052
31.605 , -0.3100052
31.606 , -0.3199997
31.608 , -0.3000031
31.609 , -0.3000031
31.61 , -0.2900009
31.611 , -0.2900009
31.612 , -0.2900009
31.613 , -0.340004
31.615 , -0.3000031
31.616 , -0.3000031
31.617 , -0.3300018
31.618 , -0.3600006
31.619 , -0.3300018
31.62 , -0.3199997
31.622 , -0.3499985
31.623 , -0.2699966
31.624 , -0.3099976
31.625 , -0.3099976
31.626 , -0.3099976
31.628 , -0.3300018
31.629 , -0.3000031
31.63 , -0.3199997
31.631 , -0.3199997
31.632 , -0.2900009
31.634 , -0.3099976
31.635 , -0.3299942
31.636 , -0.3299942
31.637 , -0.3700027
31.638 , -0.3000031
31.639 , -0.3199997
31.641 , -0.3600006
31.642 , -0.3099976
31.643 , -0.2999954
31.644 , -0.2999954
31.646 , -0.2799988
31.647 , -0.2899933
31.648 , -0.2899933
31.649 , -0.2899933
31.65 , -0.3300018
31.652 , -0.3300018
31.653 , -0.3199997
31.654 , -0.3199997
31.655 , -0.340004
31.656 , -0.3199997
31.658 , -0.3300018
31.659 , -0.3099976
31.66 , -0.3200073
31.661 , -0.3200073
31.662 , -0.3200073
31.663 , -0.3100052
31.665 , -0.2900009
31.666 , -0.3100052
31.667 , -0.3000031
31.668 , -0.3399963
31.669 , -0.3399963
31.67 , -0.3299942
31.672 , -0.3299942
31.673 , -0.3199997
31.674 , -0.3199997
31.675 , -0.3500061
31.676 , -0.3500061
31.678 , -0.340004
31.679 , -0.3099976
31.68 , -0.3699951
31.681 , -0.3699951
31.682 , -0.3300018
31.684 , -0.3199997
31.685 , -0.3199997
31.686 , -0.359993
31.687 , -0.3499985
31.688 , -0.3499985
31.69 , -0.3399963
31.691 , -0.3899994
31.692 , -0.3700027
31.693 , -0.3399963
31.694 , -0.3600006
31.696 , -0.3799973
31.697 , -0.3700027
31.698 , -0.3500061
31.699 , -0.4100037
31.7 , -0.3600006
31.702 , -0.4000015
31.703 , -0.3600006
31.704 , -0.3300018
31.705 , -0.3499985
31.706 , -0.3499985
31.708 , -0.3399963
31.709 , -0.3799973
31.71 , -0.3700027
31.711 , -0.3700027
31.712 , -0.4000015
31.713 , -0.3700027
31.715 , -0.3899994
31.716 , -0.3899994
31.717 , -0.3799973
31.718 , -0.4199982
31.719 , -0.3799973
31.721 , -0.3700027
31.722 , -0.4100037
31.723 , -0.3700027
31.724 , -0.3600006
31.725 , -0.4000015
31.726 , -0.4000015
31.728 , -0.3899994
31.729 , -0.3899994
31.73 , -0.3799973
31.731 , -0.3799973
31.732 , -0.3799973
31.734 , -0.3700027
31.735 , -0.3700027
31.736 , -0.3700027
31.737 , -0.3600006
31.738 , -0.3899994
31.739 , -0.3899994
31.741 , -0.3799973
31.742 , -0.3799973
31.743 , -0.3799973
31.744 , -0.3700027
31.745 , -0.340004
31.747 , -0.3600006
31.748 , -0.3600006
31.749 , -0.3300018
31.75 , -0.3499985
31.751 , -0.3499985
31.752 , -0.3499985
31.754 , -0.3399963
31.755 , -0.3600006
31.756 , -0.3399963
31.757 , -0.3500061
31.759 , -0.3300018
31.76 , -0.3799973
31.761 , -0.3199997
31.762 , -0.3199997
31.763 , -0.3199997
31.765 , -0.2799988
31.766 , -0.2799988
31.767 , -0.2999954
31.768 , -0.2299957
31.769 , -0.2299957
31.771 , -0.2200012
31.772 , -0.1900024
31.773 , -0.2200012
31.774 , -0.2099991
31.775 , -0.1399994
31.777 , -0.1699982
31.778 , -0.1100006
31.779 , -0.1100006
31.78 , -0.1100006
31.781 , -0.06999969
31.783 , -0.03000641
31.784 , 0.04999542
31.785 , 0.01000214
31.787 , 0.08000183
31.788 , 0.08000183
31.789 , 0.1500015
31.791 , 0.1600037
31.792 , 0.1600037
31.793 , 0.1900024
31.794 , 0.2399979
31.795 , 0.2599945
31.797 , 0.2699966
31.798 , 0.2699966
31.799 , 0.2699966
31.8 , 0.4100037
31.801 , 0.4200058
31.803 , 0.3499985
31.804 , 0.4300003
31.805 , 0.4499969
31.806 , 0.5
31.807 , 0.5100021
31.808 , 0.5100021
31.81 , 0.5299988
31.811 , 0.5400009
31.812 , 0.5400009
31.813 , 0.5400009
31.814 , 0.6000061
31.815 , 0.6000061
31.817 , 0.6299973
31.818 , 0.6299973
31.819 , 0.6299973
31.82 , 0.6299973
31.821 , 0.6399994
31.823 , 0.6399994
31.824 , 0.7200012
31.825 , 0.6699982
31.826 , 0.7200012
31.827 , 0.75
31.829 , 0.7299957
31.83 , 0.75
31.831 , 0.7399979
31.832 , 0.7399979
31.833 , 0.7600021
31.834 , 0.75
31.836 , 0.75
31.837 , 0.7600021
31.838 , 0.7600021
31.839 , 0.7099991
31.84 , 0.7800064
31.841 , 0.7699966
31.843 , 0.7699966
31.844 , 0.7799988
31.845 , 0.7799988
31.846 , 0.8000031
31.847 , 0.7799988
31.849 , 0.8100052
31.85 , 0.7900009
31.851 , 0.8000031
31.852 , 0.8000031
31.853 , 0.75
31.855 , 0.8099976
31.856 , 0.8099976
31.857 , 0.7599945
31.858 , 0.75
31.859 , 0.7699966
31.861 , 0.7799988
31.862 , 0.7600021
31.863 , 0.7600021
31.864 , 0.75
31.865 , 0.75
31.866 , 0.7699966
31.868 , 0.7600021
31.869 , 0.7099991
31.87 , 0.7600021
31.871 , 0.7200012
31.872 , 0.7200012
31.873 , 0.7000046
31.875 , 0.7100067
31.876 , 0.7100067
31.877 , 0.6600037
31.878 , 0.6699982
31.879 , 0.6699982
31.881 , 0.6800003
31.882 , 0.6800003
31.883 , 0.6200027
31.884 , 0.6700058
31.885 , 0.6300049
31.886 , 0.6300049
31.888 , 0.6800003
31.889 , 0.6399994
31.89 , 0.5899963
31.891 , 0.5499954
31.892 , 0.5499954
31.894 , 0.5400009
31.895 , 0.4500046
31.896 , 0.4500046
31.897 , 0.340004
31.898 , 0.3199997
31.9 , 0.25
31.901 , 0.2399979
31.902 , 0.2599945
31.903 , 0.2900009
31.904 , 0.4300003
31.905 , 0.5699997
31.907 , 0.5899963
31.908 , 0.5800018
31.909 , 0.5800018
31.91 , 0.4400024
31.911 , 0.3899994
31.913 , 0.359993
31.914 , 0.4000015
31.915 , 0.3699951
31.916 , 0.3699951
31.917 , 0.4000015
31.919 , 0.3799973
31.92 , 0.340004
31.921 , 0.3500061
31.922 , 0.3199997
31.923 , 0.3500061
31.924 , 0.3899994
31.926 , 0.3999939
31.927 , 0.4300003
31.928 , 0.409996
31.929 , 0.409996
31.93 , 0.4400024
31.931 , 0.3800049
31.933 , 0.3499985
31.934 , 0.3300018
31.935 , 0.3000031
31.936 , 0.3000031
31.937 , 0.2300034
31.938 , 0.3099976
31.94 , 0.2799988
31.941 , 0.2900009
31.942 , 0.3199997
31.943 , 0.2900009
31.944 , 0.3199997
31.946 , 0.3300018
31.947 , 0.3300018
31.948 , 0.3099976
31.949 , 0.2699966
31.95 , 0.2699966
31.952 , 0.2799988
31.953 , 0.25
31.954 , 0.2299957
31.955 , 0.2600021
31.956 , 0.2600021
31.957 , 0.2399979
31.959 , 0.2700043
31.96 , 0.25
31.961 , 0.2599945
31.962 , 0.2599945
31.963 , 0.2599945
31.965 , 0.2699966
31.966 , 0.2300034
31.967 , 0.2300034
31.968 , 0.2099953
31.969 , 0.2099953
31.97 , 0.2400017
31.972 , 0.1800041
31.973 , 0.1800041
31.974 , 0.1800041
31.975 , 0.1900024
31.976 , 0.159996
31.977 , 0.159996
31.979 , 0.1699982
31.98 , 0.1699982
31.981 , 0.1799965
31.982 , 0.1599998
31.984 , 0.1599998
31.985 , 0.170002
31.986 , 0.1899986
31.987 , 0.1199989
31.988 , 0.1800003
31.989 , 0.1299973
31.991 , 0.1200027
31.992 , 0.1200027
31.993 , 0.1200027
31.994 , 0.08000183
31.996 , 0.1300011
31.997 , 0.06000137
31.998 , 0.09999847
31.999 , 0.09999847
32.001 , 0.09999847
32.002 , 0.08000183
32.004 , 0.1100006
32.005 , 0.04999924
32.006 , 0.09000015
32.008 , 0.06000137
32.009 , 0.06000137
32.01 , 0.06000137
32.012 , 0.04000092
32.013 , 0.04000092
32.014 , 0.02000046
32.016 , 0.05000305
32.017 , -0.009998322
32.019 , 0.0
32.02 , 0.0
32.021 , 0.0
32.022 , 0.009998322
32.023 , -0.02000046
32.025 , 0.06000137
32.026 , 0.02000046
32.027 , 0.02000046
32.029 , -0.06999969
32.03 , -0.04000092
32.032 , -0.05999756
32.033 , -0.02999878
32.034 , -0.02999878
32.036 , -0.02000046
32.037 , -0.06999969
32.039 , -0.05999756
32.04 , -0.0399971
32.041 , -0.0399971
32.043 , -0.04999924
32.044 , -0.04999924
32.046 , -0.0399971
32.047 , -0.0399971
32.048 , -0.02999878
32.05 , -0.02999878
32.051 , -0.02999878
32.053 , -0.06000137
32.054 , -0.06000137
32.055 , -0.04999924
32.057 , -0.04999924
32.058 , -0.06999969
32.06 , -0.06999969
32.061 , -0.04000092
32.062 , -0.02999878
32.064 , -0.05999756
32.065 , -0.02000046
32.066 , -0.04999924
32.068 , -0.0399971
32.069 , -0.009998322
32.071 , -0.0399971
32.072 , -0.02999878
32.074 , 0.0
32.075 , -0.01999664
32.076 , -0.01999664
32.077 , -0.05999756
32.079 , -0.009998322
32.08 , -0.04999924
32.09 , 0.02000046
32.091 , -0.04999924
32.092 , -0.009998322
32.094 , -0.05999756
32.095 , -0.02999878
32.097 , -0.02999878
32.098 , -0.02999878
32.1 , -0.0399971
32.101 , -0.01999664
32.102 , -0.009998322
32.104 , -0.02999878
32.105 , 0.0
32.106 , -0.06000137
32.108 , -0.06000137
32.109 , 0.01000214
32.11 , -0.009998322
32.112 , -0.04000092
32.113 , -0.04000092
32.115 , -0.05999756
32.116 , -0.02999878
32.117 , -0.05999756
32.119 , -0.02000046
32.12 , -0.04999924
32.122 , -0.009998322
32.123 , -0.009998322
32.125 , -0.02999878
32.126 , -0.02999878
32.127 , -0.02999878
32.129 , -0.05999756
32.13 , -0.01999664
32.132 , -0.04999924
32.133 , -0.04999924
32.134 , -0.08000183
32.136 , -0.04000092
32.137 , -0.07000351
32.139 , -0.06000137
32.14 , -0.06000137
32.141 , -0.06000137
32.143 , -0.05000305
32.144 , -0.02000046
32.145 , -0.04000092
32.147 , -0.04000092
32.148 , -0.04000092
32.149 , -0.06999969
32.151 , -0.06999969
32.152 , -0.05999756
32.154 , -0.07999802
32.155 , -0.06999969
32.157 , -0.06999969
32.158 , -0.06999969
32.159 , -0.05999756
32.161 , -0.05999756
32.162 , -0.02999878
32.164 , -0.02999878
32.165 , -0.02999878
32.166 , -0.04000092
32.168 , -0.04000092
32.169 , -0.05999756
32.171 , -0.05999756
32.172 , -0.04999924
32.173 , -0.09000015
32.175 , -0.09000015
32.176 , -0.07999802
32.178 , -0.07999802
32.179 , -0.1000023
32.18 , -0.1000023
32.181 , -0.06999969
32.183 , -0.09000015
32.184 , -0.09000015
32.185 , -0.05999756
32.187 , -0.08000183
32.188 , -0.08000183
32.19 , -0.07000351
32.191 , -0.07000351
32.192 , -0.06000137
32.194 , -0.09999847
32.195 , -0.09999847
32.197 , -0.09000015
32.198 , -0.09000015
32.199 , -0.09999847
32.201 , -0.07999802
32.202 , -0.09000015
32.203 , -0.09000015
32.205 , -0.09000015
32.206 , -0.07999802
32.207 , -0.07999802
32.209 , -0.06999969
32.21 , -0.06999969
32.212 , -0.1299973
32.213 , -0.09000015
32.214 , -0.1299973
32.216 , -0.1500015
32.217 , -0.1199989
32.218 , -0.08000183
32.219 , -0.1100006
32.22 , -0.1100006
32.222 , -0.09999847
32.223 , -0.09999847
32.224 , -0.09999847
32.226 , -0.05000305
32.227 , -0.09000015
32.228 , -0.1200027
32.23 , -0.1100006
32.231 , -0.1100006
32.232 , -0.1000023
32.233 , -0.1399994
32.234 , -0.1399994
32.235 , -0.1399994
32.237 , -0.1299973
32.238 , -0.1499977
32.239 , -0.1399994
32.24 , -0.1399994
32.242 , -0.1199989
32.243 , -0.1099968
32.244 , -0.1299973
32.245 , -0.1799965
32.246 , -0.1199989
32.248 , -0.1199989
32.249 , -0.1100006
32.25 , -0.1599998
32.251 , -0.1599998
32.252 , -0.1599998
32.254 , -0.1699982
32.255 , -0.1499977
32.256 , -0.1599998
32.257 , -0.1900024
32.258 , -0.1599998
32.259 , -0.1800003
32.261 , -0.1499977
32.262 , -0.1499977
32.263 , -0.1199989
32.264 , -0.170002
32.265 , -0.1199989
32.267 , -0.1599998
32.268 , -0.1599998
32.269 , -0.1500015
32.27 , -0.1899986
32.271 , -0.1899986
32.273 , -0.1400032
32.274 , -0.1800003
32.275 , -0.1800003
32.276 , -0.1699982
32.277 , -0.2000008
32.278 , -0.2000008
32.28 , -0.1599998
32.281 , -0.1900024
32.282 , -0.1900024
32.283 , -0.1800003
32.284 , -0.1800003
32.286 , -0.1399994
32.287 , -0.2099991
32.288 , -0.170002
32.289 , -0.1999969
32.29 , -0.2199974
32.292 , -0.1999969
32.293 , -0.1899986
32.294 , -0.1899986
32.295 , -0.2099991
32.297 , -0.2299995
32.298 , -0.1999969
32.299 , -0.2200012
32.3 , -0.2200012
32.301 , -0.2200012
32.302 , -0.2200012
32.304 , -0.25
32.305 , -0.1800003
32.306 , -0.2399979
32.307 , -0.2000008
32.308 , -0.2000008
32.309 , -0.2299995
32.311 , -0.2600021
32.312 , -0.2299995
32.313 , -0.2199974
32.314 , -0.25
32.315 , -0.3099976
32.316 , -0.2999992
32.318 , -0.2999992
32.319 , -0.2999992
32.32 , -0.2899971
32.321 , -0.2899971
32.322 , -0.2899971
32.324 , -0.2799988
32.325 , -0.2799988
32.326 , -0.1799965
32.327 , -0.2699966
32.328 , -0.2699966
32.33 , -0.2599983
32.331 , -0.2599983
32.332 , -0.2599983
32.333 , -0.2800026
32.334 , -0.2800026
32.336 , -0.2700005
32.337 , -0.2900009
32.338 , -0.2900009
32.339 , -0.2900009
32.34 , -0.2800026
32.341 , -0.2600021
32.343 , -0.2700005
32.344 , -0.2700005
32.345 , -0.2700005
32.346 , -0.2600021
32.347 , -0.3100014
32.348 , -0.2600021
32.349 , -0.3100014
32.351 , -0.3199997
32.352 , -0.2999992
32.353 , -0.2900009
32.354 , -0.2900009
32.355 , -0.3100014
32.356 , -0.3000031
32.358 , -0.3000031
32.359 , -0.3000031
32.36 , -0.2900009
32.361 , -0.2900009
32.362 , -0.2900009
32.363 , -0.2800026
32.365 , -0.2800026
32.366 , -0.3099976
32.367 , -0.3099976
32.368 , -0.3099976
32.369 , -0.3099976
32.371 , -0.2999992
32.372 , -0.2999992
32.373 , -0.3199997
32.374 , -0.2899971
32.375 , -0.2899971
32.377 , -0.3100014
32.378 , -0.3100014
32.379 , -0.3100014
32.38 , -0.2999992
32.381 , -0.2999992
32.382 , -0.2999992
32.384 , -0.2900009
32.385 , -0.2900009
32.386 , -0.3200035
32.387 , -0.25
32.388 , -0.2800026
32.39 , -0.2700005
32.391 , -0.3100014
32.392 , -0.3100014
32.393 , -0.3300018
32.394 , -0.3000031
32.395 , -0.3000031
32.397 , -0.3199997
32.398 , -0.3199997
32.399 , -0.3199997
32.4 , -0.3100014
32.401 , -0.3100014
32.403 , -0.2999992
32.404 , -0.2999992
32.405 , -0.2999992
32.406 , -0.2700005
32.407 , -0.2900009
32.409 , -0.2900009
32.41 , -0.2799988
32.411 , -0.3399963
32.412 , -0.2999992
32.413 , -0.2900009
32.415 , -0.2900009
32.416 , -0.329998
32.417 , -0.3199997
32.418 , -0.3199997
32.419 , -0.3199997
32.421 , -0.2700005
32.422 , -0.2700005
32.423 , -0.2999992
32.424 , -0.2999992
32.425 , -0.2600021
32.426 , -0.2999992
32.428 , -0.25
32.429 , -0.25
32.43 , -0.3100014
32.431 , -0.3100014
32.432 , -0.2799988
32.433 , -0.2999992
32.435 , -0.2999992
32.436 , -0.3400002
32.437 , -0.3300018
32.438 , -0.3300018
32.439 , -0.3300018
32.44 , -0.3200035
32.442 , -0.3200035
32.443 , -0.3100014
32.444 , -0.2700005
32.445 , -0.2700005
32.446 , -0.2700005
32.447 , -0.3000031
32.449 , -0.3000031
32.45 , -0.3199997
32.451 , -0.2900009
32.452 , -0.3199997
32.453 , -0.3300018
32.455 , -0.3100014
32.456 , -0.3100014
32.457 , -0.3199997
32.458 , -0.3600006
32.459 , -0.3600006
32.46 , -0.3100014
32.462 , -0.3100014
32.463 , -0.3400002
32.464 , -0.2799988
32.465 , -0.2999992
32.466 , -0.2999992
32.467 , -0.2900009
32.469 , -0.3300018
32.47 , -0.3200035
32.471 , -0.3200035
32.472 , -0.3200035
32.473 , -0.3200035
32.474 , -0.3400002
32.476 , -0.3400002
32.477 , -0.3300018
32.478 , -0.3300018
32.479 , -0.3700027
32.48 , -0.3600006
32.481 , -0.3199997
32.483 , -0.3899994
32.484 , -0.3800011
32.485 , -0.3800011
32.486 , -0.4000015
32.487 , -0.3699989
32.488 , -0.3699989
32.49 , -0.3800011
32.491 , -0.420002
32.492 , -0.3800011
32.493 , -0.3800011
32.494 , -0.4099998
32.496 , -0.4099998
32.497 , -0.4000015
32.498 , -0.4000015
32.499 , -0.4000015
32.5 , -0.3900032
32.501 , -0.3500023
32.502 , -0.3900032
32.504 , -0.3800011
32.505 , -0.3800011
32.506 , -0.3800011
32.507 , -0.3700027
32.508 , -0.3700027
32.509 , -0.4000015
32.511 , -0.3600006
32.512 , -0.3899994
32.513 , -0.3600006
32.514 , -0.3500023
32.515 , -0.3800011
32.516 , -0.3800011
32.518 , -0.3699989
32.519 , -0.4099998
32.52 , -0.3600006
32.521 , -0.3600006
32.522 , -0.4000015
32.523 , -0.3600006
32.525 , -0.3500023
32.526 , -0.3200035
32.527 , -0.3100014
32.528 , -0.3100014
32.529 , -0.3100014
32.53 , -0.3000031
32.532 , -0.3300018
32.533 , -0.3000031
32.534 , -0.3199997
32.535 , -0.2900009
32.536 , -0.2900009
32.537 , -0.2400017
32.539 , -0.2400017
32.54 , -0.2099991
32.541 , -0.2099991
32.542 , -0.1800003
32.543 , -0.1399994
32.545 , -0.1000023
32.546 , -0.1000023
32.547 , -0.02999878
32.548 , -0.09000015
32.55 , 0.0
32.551 , -0.02000046
32.552 , 0.009998322
32.554 , 0.05999756
32.555 , 0.09000015
32.556 , 0.1299973
32.558 , 0.1000023
32.559 , 0.1599998
32.56 , 0.1599998
32.561 , 0.1999969
32.562 , 0.1999969
32.564 , 0.2800026
32.565 , 0.3199997
32.566 , 0.3199997
32.567 , 0.3499985
32.568 , 0.3499985
32.57 , 0.4199982
32.571 , 0.4300003
32.572 , 0.4099998
32.573 , 0.4300003
32.574 , 0.4399986
32.576 , 0.4700012
32.577 , 0.4800034
32.578 , 0.4800034
32.579 , 0.5400009
32.58 , 0.5400009
32.581 , 0.6199989
32.583 , 0.5800018
32.584 , 0.6299973
32.585 , 0.6800003
32.586 , 0.6800003
32.587 , 0.670002
32.588 , 0.6900024
32.59 , 0.6900024
32.591 , 0.7399979
32.592 , 0.7000008
32.593 , 0.7000008
32.594 , 0.7100029
32.596 , 0.6900024
32.597 , 0.7000008
32.598 , 0.7200012
32.599 , 0.7200012
32.6 , 0.7200012
32.601 , 0.7300034
32.603 , 0.7300034
32.604 , 0.7799988
32.605 , 0.7799988
32.606 , 0.7799988
32.607 , 0.75
32.609 , 0.7899971
32.61 , 0.75
32.611 , 0.7600021
32.612 , 0.7999992
32.613 , 0.7400017
32.614 , 0.7700005
32.616 , 0.7199974
32.617 , 0.7800026
32.618 , 0.7800026
32.619 , 0.7800026
32.62 , 0.7600021
32.621 , 0.7399979
32.623 , 0.7700005
32.624 , 0.7800026
32.625 , 0.7800026
32.626 , 0.7100029
32.627 , 0.7900009
32.628 , 0.7900009
32.63 , 0.7200012
32.631 , 0.7300034
32.632 , 0.7300034
32.633 , 0.7000008
32.634 , 0.6500015
32.635 , 0.6500015
32.637 , 0.6199989
32.638 , 0.6299973
32.639 , 0.6299973
32.64 , 0.6099968
32.641 , 0.6199989
32.643 , 0.6399994
32.644 , 0.6499977
32.645 , 0.6499977
32.646 , 0.579998
32.647 , 0.579998
32.649 , 0.5300026
32.65 , 0.4599991
32.651 , 0.4199982
32.652 , 0.3499985
32.653 , 0.1499977
32.655 , 0.06999969
32.656 , 0.0
32.657 , -0.02999878
32.659 , 0.2099991
32.66 , 0.4399986
32.661 , 0.6300011
32.662 , 0.7000008
32.663 , 0.7300034
32.665 , 0.6399994
32.666 , 0.4799995
32.667 , 0.3499985
32.668 , 0.2699966
32.67 , 0.1699982
32.671 , 0.25
32.672 , 0.2799988
32.673 , 0.3199997
32.674 , 0.3499985
32.676 , 0.3499985
32.677 , 0.329998
32.678 , 0.2700005
32.679 , 0.2000008
32.68 , 0.2299995
32.681 , 0.2799988
32.683 , 0.3099976
32.684 , 0.3600006
32.685 , 0.4099998
32.686 , 0.3800011
32.688 , 0.3899994
32.689 , 0.3899994
32.69 , 0.3699989
32.691 , 0.3099976
32.692 , 0.3099976
32.694 , 0.3199997
32.695 , 0.2799988
32.696 , 0.2799988
32.697 , 0.25
32.699 , 0.2399979
32.7 , 0.2599983
32.701 , 0.25
32.702 , 0.2099991
32.703 , 0.2700005
32.704 , 0.2799988
32.706 , 0.2799988
32.707 , 0.2799988
32.708 , 0.2900009
32.709 , 0.2900009
32.71 , 0.2299995
32.712 , 0.2399979
32.713 , 0.2399979
32.714 , 0.2099991
32.715 , 0.25
32.716 , 0.25
32.717 , 0.2200012
32.719 , 0.2599983
32.72 , 0.1899986
32.721 , 0.1999969
32.722 , 0.2699966
32.723 , 0.1699982
32.725 , 0.2099991
32.726 , 0.1800003
32.727 , 0.2099991
32.728 , 0.1899986
32.729 , 0.1899986
32.73 , 0.2199974
32.732 , 0.1300011
32.733 , 0.1599998
32.734 , 0.1100006
32.735 , 0.1399994
32.736 , 0.1199989
32.737 , 0.1399994
32.739 , 0.1500015
32.74 , 0.1800003
32.741 , 0.1599998
32.742 , 0.1599998
32.743 , 0.1399994
32.745 , 0.170002
32.746 , 0.1500015
32.747 , 0.1500015
32.748 , 0.1199989
32.749 , 0.1199989
32.75 , 0.1599998
32.752 , 0.1299973
32.753 , 0.1299973
32.754 , 0.02999878
32.755 , 0.04000092
32.757 , 0.06999969
32.758 , 0.04999924
32.76 , 0.04999924
32.761 , 0.06000137
32.762 , 0.04000092
32.764 , 0.04000092
32.765 , 0.06999969
32.767 , 0.06999969
32.768 , 0.06000137
32.769 , 0.02000046
32.771 , 0.02999878
32.772 , 0.0
32.773 , 0.02999878
32.775 , 0.009998322
32.776 , -0.03000259
32.778 , 0.02000046
32.787 , 0.0
32.788 , -0.02000046
32.789 , -0.02000046
32.791 , -0.06000137
32.792 , -0.06999969
32.794 , -0.06999969
32.795 , -0.06000137
32.796 , -0.06000137
32.798 , -0.04999924
32.799 , -0.04999924
32.801 , -0.04999924
32.802 , -0.04000092
32.803 , -0.06999969
32.805 , -0.03000259
32.806 , -0.06000137
32.808 , -0.04999924
32.809 , -0.04999924
32.811 , -0.09000015
32.812 , -0.04000092
32.813 , -0.04000092
32.815 , -0.06999969
32.816 , -0.09999847
32.817 , -0.09999847
32.819 , -0.09000015
32.82 , -0.09000015
32.822 , -0.07999802
32.823 , -0.07999802
32.824 , -0.07999802
32.826 , -0.06999969
32.827 , -0.04000092
32.829 , -0.1199989
32.83 , -0.1199989
32.831 , -0.05999756
32.832 , -0.04999924
32.834 , -0.1100006
32.835 , -0.1000023
32.836 , -0.1000023
32.837 , -0.1300011
32.838 , -0.1199989
32.84 , -0.1599998
32.841 , -0.1199989
32.842 , -0.1100006
32.843 , -0.1500015
32.844 , -0.1100006
32.845 , -0.1399994
32.847 , -0.1399994
32.848 , -0.1300011
32.849 , -0.1300011
32.85 , -0.1300011
32.851 , -0.1300011
32.852 , -0.1199989
32.854 , -0.1499977
32.855 , -0.1399994
32.856 , -0.1800003
32.857 , -0.1800003
32.858 , -0.1900024
32.86 , -0.1000023
32.861 , -0.1300011
32.862 , -0.1599998
32.863 , -0.1199989
32.864 , -0.1800003
32.866 , -0.1100006
32.867 , -0.1500015
32.868 , -0.1100006
32.869 , -0.1599998
32.87 , -0.1599998
32.871 , -0.1599998
32.873 , -0.1500015
32.874 , -0.1800003
32.875 , -0.1399994
32.876 , -0.1699982
32.877 , -0.1699982
32.879 , -0.1300011
32.88 , -0.1599998
32.881 , -0.1599998
32.882 , -0.1899986
32.883 , -0.1199989
32.885 , -0.1100006
32.886 , -0.1800003
32.887 , -0.1399994
32.888 , -0.1800003
32.889 , -0.170002
32.89 , -0.170002
32.892 , -0.1199989
32.893 , -0.1899986
32.894 , -0.2299995
32.895 , -0.1800003
32.896 , -0.1500015
32.898 , -0.1800003
32.899 , -0.1699982
32.9 , -0.1699982
32.901 , -0.1699982
32.902 , -0.1599998
32.904 , -0.2000008
32.905 , -0.1499977
32.906 , -0.1499977
32.907 , -0.1899986
32.908 , -0.1899986
32.91 , -0.1399994
32.911 , -0.2000008
32.912 , -0.1699982
32.913 , -0.1899986
32.915 , -0.2299995
32.916 , -0.1800003
32.917 , -0.2299995
32.918 , -0.1800003
32.919 , -0.2200012
32.921 , -0.2200012
32.922 , -0.2099991
32.923 , -0.2099991
32.924 , -0.2099991
32.925 , -0.2000008
32.926 , -0.2000008
32.928 , -0.2000008
32.929 , -0.1399994
32.93 , -0.1399994
32.931 , -0.1899986
32.932 , -0.2000008
32.934 , -0.1800003
32.935 , -0.2199974
32.936 , -0.1899986
32.937 , -0.1899986
32.938 , -0.1899986
32.94 , -0.2099991
32.941 , -0.1800003
32.942 , -0.170002
32.943 , -0.2000008
32.944 , -0.170002
32.945 , -0.2000008
32.947 , -0.1899986
32.948 , -0.1899986
32.949 , -0.1800003
32.95 , -0.2200012
32.951 , -0.2200012
32.952 , -0.2399979
32.954 , -0.1699982
32.955 , -0.2399979
32.956 , -0.2299995
32.957 , -0.2299995
32.959 , -0.2199974
32.96 , -0.2599983
32.961 , -0.2199974
32.962 , -0.2099991
32.963 , -0.25
32.965 , -0.2099991
32.966 , -0.2399979
32.967 , -0.1999969
32.968 , -0.2399979
32.97 , -0.2299995
32.971 , -0.2299995
32.972 , -0.2700005
32.973 , -0.2700005
32.974 , -0.2700005
32.975 , -0.2700005
32.977 , -0.2299995
32.978 , -0.2299995
32.979 , -0.25
32.98 , -0.25
32.981 , -0.2200012
32.983 , -0.2399979
32.984 , -0.3099976
32.985 , -0.2399979
32.986 , -0.2299995
32.987 , -0.2000008
32.989 , -0.2899971
32.99 , -0.329998
32.991 , -0.2599983
32.992 , -0.3199997
32.993 , -0.3199997
32.995 , -0.3199997
32.996 , -0.3099976
32.997 , -0.3099976
32.998 , -0.3099976
33.0 , -0.2999992
33.001 , -0.3199997
33.002 , -0.2900009
33.003 , -0.3100014
33.004 , -0.3100014
33.005 , -0.2900009
33.007 , -0.2799988
33.008 , -0.329998
33.009 , -0.2900009
33.01 , -0.2900009
33.011 , -0.3199997
33.012 , -0.2799988
33.014 , -0.3499985
33.015 , -0.3099976
33.016 , -0.3400002
33.017 , -0.3699989
33.018 , -0.2999992
33.02 , -0.3599968
33.021 , -0.3599968
33.022 , -0.329998
33.023 , -0.3199997
33.024 , -0.3499985
33.026 , -0.3100014
33.027 , -0.3400002
33.028 , -0.3400002
33.029 , -0.2999992
33.03 , -0.329998
33.032 , -0.329998
33.033 , -0.3600006
33.034 , -0.3800011
33.035 , -0.3199997
33.036 , -0.3499985
33.038 , -0.3499985
33.039 , -0.3600006
33.04 , -0.4099998
33.041 , -0.3400002
33.042 , -0.3600006
33.043 , -0.3999977
33.045 , -0.329998
33.046 , -0.3899994
33.047 , -0.3400002
33.048 , -0.3199997
33.049 , -0.3799973
33.051 , -0.3799973
33.052 , -0.3799973
33.053 , -0.3699989
33.054 , -0.3899994
33.055 , -0.3699989
33.057 , -0.3800011
33.058 , -0.3800011
33.059 , -0.3699989
33.06 , -0.3999977
33.061 , -0.4399986
33.063 , -0.3899994
33.064 , -0.3899994
33.065 , -0.3899994
33.066 , -0.3799973
33.068 , -0.3799973
33.069 , -0.3699989
33.07 , -0.4099998
33.071 , -0.3699989
33.072 , -0.4099998
33.074 , -0.3999977
33.075 , -0.3999977
33.076 , -0.3899994
33.077 , -0.4099998
33.079 , -0.3999977
33.08 , -0.3999977
33.081 , -0.4499969
33.082 , -0.3999977
33.083 , -0.3899994
33.085 , -0.3699989
33.086 , -0.3800011
33.087 , -0.4300003
33.088 , -0.4300003
33.089 , -0.4199982
33.09 , -0.4199982
33.092 , -0.4199982
33.093 , -0.4300003
33.094 , -0.4300003
33.095 , -0.4099998
33.096 , -0.4199982
33.097 , -0.4500008
33.099 , -0.3999977
33.1 , -0.4400024
33.101 , -0.4799995
33.102 , -0.4799995
33.103 , -0.4300003
33.105 , -0.4699974
33.106 , -0.4599991
33.107 , -0.4599991
33.108 , -0.4799995
33.109 , -0.4599991
33.111 , -0.4700012
33.112 , -0.4500008
33.113 , -0.4599991
33.114 , -0.5099983
33.115 , -0.5099983
33.116 , -0.4500008
33.118 , -0.5
33.119 , -0.5
33.12 , -0.4399986
33.121 , -0.4899979
33.122 , -0.4899979
33.124 , -0.4799995
33.125 , -0.4300003
33.126 , -0.4199982
33.127 , -0.4699974
33.128 , -0.4899979
33.13 , -0.4799995
33.131 , -0.4799995
33.132 , -0.4599991
33.133 , -0.4699974
33.134 , -0.5199966
33.136 , -0.5099983
33.137 , -0.5099983
33.138 , -0.4599991
33.139 , -0.5099983
33.14 , -0.4500008
33.142 , -0.5
33.143 , -0.5099983
33.144 , -0.4199982
33.145 , -0.4899979
33.146 , -0.4300003
33.148 , -0.4799995
33.149 , -0.4799995
33.15 , -0.4699974
33.151 , -0.4899979
33.152 , -0.4699974
33.154 , -0.4799995
33.155 , -0.4799995
33.156 , -0.4899979
33.157 , -0.4899979
33.159 , -0.4699974
33.16 , -0.4799995
33.161 , -0.4599991
33.162 , -0.5299988
33.163 , -0.4699974
33.165 , -0.4699974
33.166 , -0.5099983
33.167 , -0.4599991
33.168 , -0.5099983
33.17 , -0.4500008
33.171 , -0.4500008
33.172 , -0.4500008
33.173 , -0.4399986
33.174 , -0.4899979
33.175 , -0.4899979
33.177 , -0.5
33.178 , -0.5
33.179 , -0.5
33.18 , -0.4899979
33.181 , -0.4899979
33.183 , -0.4799995
33.184 , -0.4599991
33.185 , -0.4799995
33.186 , -0.4599991
33.187 , -0.4699974
33.189 , -0.4699974
33.19 , -0.4599991
33.191 , -0.5299988
33.192 , -0.5299988
33.194 , -0.5
33.195 , -0.5
33.196 , -0.5
33.197 , -0.4899979
33.198 , -0.4899979
33.199 , -0.5099983
33.201 , -0.5
33.202 , -0.4799995
33.203 , -0.4699974
33.204 , -0.4899979
33.205 , -0.4699974
33.207 , -0.4799995
33.208 , -0.4799995
33.209 , -0.4799995
33.21 , -0.5
33.211 , -0.4699974
33.213 , -0.4900017
33.214 , -0.4900017
33.215 , -0.4900017
33.216 , -0.4900017
33.217 , -0.5199966
33.219 , -0.4799995
33.22 , -0.5099983
33.221 , -0.5099983
33.222 , -0.5299988
33.223 , -0.5
33.224 , -0.5
33.226 , -0.5
33.227 , -0.4899979
33.228 , -0.5099983
33.229 , -0.4899979
33.23 , -0.5
33.231 , -0.4799995
33.233 , -0.4899979
33.234 , -0.4899979
33.235 , -0.5599976
33.236 , -0.5400009
33.237 , -0.4799995
33.239 , -0.5300026
33.24 , -0.5200005
33.241 , -0.4699974
33.242 , -0.4699974
33.243 , -0.5100021
33.245 , -0.5100021
33.246 , -0.5100021
33.247 , -0.4499969
33.248 , -0.5199966
33.249 , -0.5
33.25 , -0.5099983
33.252 , -0.5099983
33.253 , -0.5
33.254 , -0.5699997
33.255 , -0.5
33.256 , -0.5
33.257 , -0.4899979
33.259 , -0.5599976
33.26 , -0.5100021
33.261 , -0.5499992
33.262 , -0.4799995
33.263 , -0.5499992
33.265 , -0.5
33.266 , -0.5
33.267 , -0.5299988
33.268 , -0.5299988
33.269 , -0.5299988
33.271 , -0.5199966
33.272 , -0.4799995
33.273 , -0.5199966
33.274 , -0.5299988
33.276 , -0.5299988
33.277 , -0.5200005
33.278 , -0.5200005
33.279 , -0.5200005
33.28 , -0.4899979
33.282 , -0.5099983
33.283 , -0.5099983
33.284 , -0.4799995
33.285 , -0.4799995
33.286 , -0.5
33.287 , -0.4899979
33.289 , -0.4699974
33.29 , -0.4799995
33.291 , -0.4799995
33.292 , -0.4799995
33.294 , -0.4499969
33.295 , -0.4699974
33.296 , -0.4499969
33.297 , -0.4399986
33.298 , -0.4399986
33.3 , -0.3899994
33.301 , -0.4299965
33.302 , -0.3599968
33.303 , -0.3400002
33.305 , -0.3300018
33.306 , -0.2799988
33.307 , -0.2100029
33.308 , -0.2100029
33.309 , -0.2100029
33.31 , -0.1499977
33.312 , -0.1499977
33.313 , -0.1499977
33.314 , -0.1399994
33.315 , -0.06999969
33.317 , -0.05999756
33.318 , -0.05999756
33.319 , -0.009998322
33.321 , 0.02000046
33.322 , 0.02000046
33.324 , 0.1200027
33.325 , 0.1200027
33.326 , 0.1200027
33.327 , 0.1800003
33.328 , 0.2000008
33.329 , 0.2000008
33.331 , 0.25
33.332 , 0.25
33.333 , 0.2100029
33.334 , 0.2900009
33.335 , 0.2900009
33.336 , 0.3100014
33.338 , 0.3199997
33.339 , 0.3699989
33.34 , 0.3699989
33.341 , 0.3800011
33.342 , 0.4400024
33.343 , 0.4000015
33.345 , 0.4500008
33.346 , 0.4500008
33.347 , 0.4600029
33.348 , 0.4900017
33.349 , 0.4900017
33.35 , 0.4900017
33.352 , 0.5
33.353 , 0.5
33.354 , 0.5100021
33.355 , 0.5300026
33.356 , 0.5100021
33.357 , 0.5900002
33.359 , 0.5400009
33.36 , 0.5400009
33.361 , 0.5499992
33.362 , 0.5999985
33.363 , 0.5499992
33.365 , 0.6300011
33.366 , 0.6100006
33.367 , 0.6399994
33.368 , 0.6199989
33.369 , 0.5699997
33.371 , 0.6300011
33.372 , 0.6300011
33.373 , 0.5800018
33.374 , 0.5900002
33.375 , 0.6399994
33.376 , 0.6399994
33.378 , 0.6500015
33.379 , 0.6000023
33.38 , 0.6000023
33.381 , 0.6599998
33.382 , 0.6599998
33.383 , 0.6599998
33.385 , 0.670002
33.386 , 0.670002
33.387 , 0.6800003
33.388 , 0.6800003
33.389 , 0.6300011
33.39 , 0.6300011
33.392 , 0.6399994
33.393 , 0.6899986
33.394 , 0.6300011
33.395 , 0.6300011
33.396 , 0.6500015
33.398 , 0.6399994
33.399 , 0.6399994
33.4 , 0.6399994
33.401 , 0.6500015
33.402 , 0.6500015
33.404 , 0.6800003
33.405 , 0.6300011
33.406 , 0.6300011
33.407 , 0.670002
33.408 , 0.670002
33.409 , 0.6000023
33.411 , 0.6100006
33.412 , 0.6100006
33.413 , 0.6100006
33.414 , 0.6200027
33.415 , 0.6200027
33.416 , 0.6000023
33.417 , 0.5500031
33.419 , 0.5600014
33.42 , 0.6100006
33.421 , 0.6199989
33.422 , 0.6199989
33.423 , 0.5699997
33.424 , 0.5600014
33.426 , 0.6300011
33.427 , 0.6300011
33.428 , 0.5900002
33.429 , 0.5900002
33.43 , 0.5699997
33.431 , 0.5800018
33.433 , 0.5800018
33.434 , 0.5900002
33.435 , 0.5599976
33.436 , 0.5900002
33.437 , 0.5599976
33.439 , 0.5699997
33.44 , 0.5699997
33.441 , 0.6100006
33.442 , 0.579998
33.443 , 0.6100006
33.444 , 0.5899963
33.446 , 0.5899963
33.447 , 0.5499992
33.448 , 0.5999985
33.449 , 0.5600014
33.45 , 0.5600014
33.452 , 0.6099968
33.453 , 0.5699997
33.454 , 0.5800018
33.455 , 0.5800018
33.456 , 0.5600014
33.458 , 0.5200005
33.459 , 0.5200005
33.46 , 0.5699997
33.461 , 0.5300026
33.462 , 0.5300026
33.471 , 0.4900017
33.473 , 0.4900017
33.474 , 0.4799995
33.475 , 0.5
33.476 , 0.4799995
33.477 , 0.4599991
33.479 , 0.4700012
33.48 , 0.4900017
33.481 , 0.5
33.482 , 0.4799995
33.483 , 0.4799995
33.484 , 0.4400024
33.486 , 0.5100021
33.487 , 0.4900017
33.488 , 0.5
33.489 , 0.4500008
33.49 , 0.4500008
33.491 , 0.4600029
33.493 , 0.4400024
33.494 , 0.4400024
33.495 , 0.4000015
33.496 , 0.4000015
33.497 , 0.4000015
33.498 , 0.4100037
33.5 , 0.3600006
33.501 , 0.4000015
33.502 , 0.4000015
33.503 , 0.4000015
33.504 , 0.3699989
33.505 , 0.3799973
33.507 , 0.3799973
33.508 , 0.3500023
33.509 , 0.3500023
33.51 , 0.3500023
33.511 , 0.2899971
33.512 , 0.3600006
33.514 , 0.3400002
33.515 , 0.3500023
33.516 , 0.2999992
33.517 , 0.3500023
33.518 , 0.3099976
33.519 , 0.2900009
33.521 , 0.3000031
33.522 , 0.2700005
33.523 , 0.3000031
33.524 , 0.2700005
33.525 , 0.2799988
33.526 , 0.2799988
33.528 , 0.25
33.529 , 0.25
33.53 , 0.2299995
33.531 , 0.2400017
33.532 , 0.1899986
33.534 , 0.1899986
33.535 , 0.1999969
33.536 , 0.1800003
33.537 , 0.1999969
33.538 , 0.1900024
33.54 , 0.1399994
33.541 , 0.1499977
33.542 , 0.1499977
33.543 , 0.1499977
33.544 , 0.2000008
33.546 , 0.1599998
33.547 , 0.1399994
33.548 , 0.1699982
33.549 , 0.1699982
33.55 , 0.1499977
33.552 , 0.1400032
33.553 , 0.1400032
33.554 , 0.09000015
33.555 , 0.09999847
33.557 , 0.09999847
33.558 , 0.1099968
33.559 , 0.09000015
33.561 , 0.1000023
33.562 , 0.1000023
33.563 , 0.1199989
33.564 , 0.1199989
33.565 , 0.1100006
33.567 , 0.05999756
33.568 , 0.1200027
33.569 , 0.06999969
33.571 , 0.04999924
33.572 , 0.07999802
33.573 , 0.05999756
33.575 , 0.06999969
33.576 , 0.05000305
33.577 , 0.05000305
33.579 , 0.009998322
33.58 , 0.07999802
33.582 , 0.07000351
33.583 , 0.02000046
33.584 , 0.07000351
33.586 , 0.08000183
33.587 , 0.08000183
33.589 , 0.0399971
33.59 , 0.0399971
33.591 , 0.01999664
33.593 , 0.04999924
33.594 , -0.02000046
33.596 , -0.01000214
33.597 , 0.0399971
33.598 , 0.04999924
33.6 , 0.0
33.601 , -0.02000046
33.602 , -0.01000214
33.604 , 0.009998322
33.605 , 0.0
33.606 , 0.0
33.607 , 0.0
33.608 , 0.009998322
33.61 , -0.04000092
33.611 , -0.04000092
33.613 , -0.03000259
33.614 , -0.03000259
33.615 , 0.02999878
33.617 , -0.02000046
33.618 , -0.01000214
33.619 , -0.01000214
33.621 , -0.03000259
33.622 , 0.0
33.623 , -0.02000046
33.625 , -0.01000214
33.626 , -0.01000214
33.627 , 0.009998322
33.629 , 0.0
33.63 , -0.02000046
33.631 , -0.02000046
33.633 , -0.01000214
33.634 , -0.01000214
33.635 , -0.04999924
33.637 , -0.04999924
33.638 , 0.009998322
33.64 , -0.04000092
33.641 , -0.04000092
33.643 , -0.03000259
33.644 , -0.03000259
33.645 , -0.02000046
33.647 , -0.02000046
33.648 , -0.02000046
33.649 , -0.03000259
33.651 , -0.03000259
33.652 , -0.02000046
33.653 , -0.02000046
33.655 , -0.06000137
33.656 , -0.08000183
33.658 , -0.06000137
33.659 , -0.04999924
33.66 , -0.04999924
33.662 , -0.04000092
33.663 , -0.04000092
33.665 , -0.02999878
33.666 , -0.04999924
33.667 , -0.04999924
33.669 , -0.04000092
33.67 , -0.04000092
33.672 , -0.03000259
33.673 , -0.05000305
33.674 , -0.05000305
33.676 , -0.09000015
33.677 , -0.09000015
33.678 , -0.09000015
33.68 , -0.08000183
33.681 , -0.08000183
33.683 , -0.09000015
33.684 , -0.06999969
33.685 , -0.08000183
33.687 , -0.08000183
33.688 , -0.06000137
33.69 , -0.06999969
33.691 , -0.1199989
33.692 , -0.1100006
33.693 , -0.1100006
33.695 , -0.1000023
33.696 , -0.1000023
33.697 , -0.1000023
33.698 , -0.1000023
33.699 , -0.1300011
33.7 , -0.1300011
33.701 , -0.1300011
33.703 , -0.1000023
33.704 , -0.1000023
33.705 , -0.09000015
33.706 , -0.09000015
33.708 , -0.1100006
33.709 , -0.08000183
33.71 , -0.1000023
33.711 , -0.1000023
33.712 , -0.1399994
33.714 , -0.09000015
33.715 , -0.1300011
33.716 , -0.1500015
33.717 , -0.1300011
33.718 , -0.1500015
33.72 , -0.1899986
33.721 , -0.1899986
33.722 , -0.1300011
33.723 , -0.1800003
33.724 , -0.1300011
33.726 , -0.1900024
33.727 , -0.1200027
33.728 , -0.170002
33.729 , -0.1800003
33.73 , -0.1599998
33.731 , -0.1800003
33.733 , -0.2200012
33.734 , -0.2200012
33.735 , -0.170002
33.736 , -0.2299995
33.737 , -0.2099991
33.738 , -0.2299995
33.74 , -0.2200012
33.741 , -0.2200012
33.742 , -0.2299995
33.743 , -0.2299995
33.744 , -0.1899986
33.746 , -0.2000008
33.747 , -0.2000008
33.748 , -0.2200012
33.749 , -0.1899986
33.75 , -0.2099991
33.751 , -0.2099991
33.753 , -0.2000008
33.754 , -0.25
33.755 , -0.2700005
33.756 , -0.1900024
33.757 , -0.2600021
33.758 , -0.2600021
33.76 , -0.25
33.761 , -0.25
33.762 , -0.2400017
33.763 , -0.2400017
33.764 , -0.2900009
33.765 , -0.2400017
33.767 , -0.2299995
33.768 , -0.2299995
33.769 , -0.2700005
33.77 , -0.2700005
33.771 , -0.2700005
33.772 , -0.2599983
33.774 , -0.2799988
33.775 , -0.2799988
33.776 , -0.2900009
33.777 , -0.25
33.778 , -0.2700005
33.78 , -0.2600021
33.781 , -0.2800026
33.782 , -0.25
33.783 , -0.2700005
33.784 , -0.25
33.785 , -0.25
33.787 , -0.2600021
33.788 , -0.2400017
33.789 , -0.25
33.79 , -0.2999992
33.791 , -0.25
33.792 , -0.3100014
33.794 , -0.2900009
33.795 , -0.2900009
33.796 , -0.2799988
33.797 , -0.2999992
33.798 , -0.2999992
33.8 , -0.2900009
33.801 , -0.2900009
33.802 , -0.329998
33.803 , -0.2799988
33.804 , -0.2799988
33.806 , -0.3199997
33.807 , -0.2700005
33.808 , -0.3199997
33.809 , -0.3100014
33.811 , -0.3100014
33.812 , -0.3300018
33.813 , -0.3199997
33.814 , -0.3199997
33.815 , -0.3199997
33.817 , -0.3100014
33.818 , -0.3300018
33.819 , -0.3699989
33.82 , -0.2999992
33.821 , -0.3199997
33.822 , -0.2999992
33.824 , -0.2700005
33.825 , -0.2900009
33.826 , -0.2799988
33.827 , -0.2799988
33.828 , -0.2799988
33.83 , -0.2900009
33.831 , -0.2900009
33.832 , -0.2900009
33.833 , -0.3499985
33.834 , -0.2799988
33.836 , -0.2700005
33.837 , -0.3400002
33.838 , -0.3199997
33.839 , -0.3100014
33.84 , -0.3100014
33.841 , -0.3100014
33.843 , -0.2999992
33.844 , -0.3199997
33.845 , -0.3199997
33.846 , -0.3100014
33.847 , -0.3100014
33.849 , -0.3499985
33.85 , -0.2999992
33.851 , -0.2999992
33.852 , -0.2999992
33.853 , -0.3400002
33.855 , -0.4099998
33.856 , -0.329998
33.857 , -0.329998
33.858 , -0.329998
33.859 , -0.3400002
33.861 , -0.3400002
33.862 , -0.3899994
33.863 , -0.3300018
33.864 , -0.3300018
33.865 , -0.3300018
33.867 , -0.3699989
33.868 , -0.3699989
33.869 , -0.3100014
33.87 , -0.3800011
33.871 , -0.3100014
33.873 , -0.3499985
33.874 , -0.3699989
33.875 , -0.3699989
33.876 , -0.3400002
33.877 , -0.3600006
33.879 , -0.3499985
33.88 , -0.3499985
33.881 , -0.3699989
33.882 , -0.3499985
33.883 , -0.3400002
33.885 , -0.3199997
33.886 , -0.3499985
33.887 , -0.3499985
33.888 , -0.3499985
33.889 , -0.3999977
33.891 , -0.3400002
33.892 , -0.3400002
33.893 , -0.3300018
33.894 , -0.3800011
33.895 , -0.3800011
33.896 , -0.3699989
33.898 , -0.3699989
33.899 , -0.3699989
33.9 , -0.3800011
33.901 , -0.3600006
33.903 , -0.3499985
33.904 , -0.4199982
33.905 , -0.3699989
33.906 , -0.3400002
33.907 , -0.3600006
33.909 , -0.3400002
33.91 , -0.3499985
33.911 , -0.3499985
33.912 , -0.3499985
33.913 , -0.3899994
33.915 , -0.3899994
33.916 , -0.3799973
33.917 , -0.3999977
33.918 , -0.3999977
33.92 , -0.3899994
33.921 , -0.3899994
33.922 , -0.3699989
33.923 , -0.3800011
33.924 , -0.3600006
33.926 , -0.3899994
33.927 , -0.4399986
33.928 , -0.4399986
33.929 , -0.4399986
33.931 , -0.4300003
33.932 , -0.4300003
33.933 , -0.4399986
33.934 , -0.4399986
33.935 , -0.4399986
33.937 , -0.4799995
33.938 , -0.4300003
33.939 , -0.4799995
33.94 , -0.4199982
33.941 , -0.4199982
33.943 , -0.4099998
33.944 , -0.4099998
33.945 , -0.4099998
33.946 , -0.4500008
33.947 , -0.4500008
33.949 , -0.4500008
33.95 , -0.4399986
33.951 , -0.4599991
33.952 , -0.4599991
33.953 , -0.4500008
33.955 , -0.4500008
33.956 , -0.4399986
33.957 , -0.4399986
33.958 , -0.4399986
33.959 , -0.4899979
33.961 , -0.4799995
33.962 , -0.4799995
33.963 , -0.4699974
33.964 , -0.4699974
33.966 , -0.4199982
33.967 , -0.4599991
33.968 , -0.4599991
33.969 , -0.4799995
33.971 , -0.4499969
33.972 , -0.4899979
33.973 , -0.4399986
33.974 , -0.4599991
33.975 , -0.5299988
33.977 , -0.4500008
33.978 , -0.4700012
33.979 , -0.4700012
33.98 , -0.5099983
33.981 , -0.4599991
33.983 , -0.4500008
33.984 , -0.4300003
33.985 , -0.4300003
33.986 , -0.5200005
33.987 , -0.4399986
33.988 , -0.5099983
33.99 , -0.4799995
33.991 , -0.5
33.992 , -0.5
33.993 , -0.4899979
33.994 , -0.4899979
33.996 , -0.5399971
33.997 , -0.4799995
33.998 , -0.4799995
33.999 , -0.4799995
34.001 , -0.4699974
34.002 , -0.5199966
34.003 , -0.5099983
34.004 , -0.4599991
34.005 , -0.5099983
34.007 , -0.5
34.008 , -0.4500008
34.009 , -0.5
34.01 , -0.4899979
34.011 , -0.5099983
34.013 , -0.5
34.014 , -0.5200005
34.015 , -0.5
34.016 , -0.5
34.017 , -0.4899979
34.018 , -0.4699974
34.02 , -0.5
34.021 , -0.4799995
34.022 , -0.4799995
34.023 , -0.4699974
34.024 , -0.4699974
34.026 , -0.4499969
34.027 , -0.4799995
34.028 , -0.4599991
34.029 , -0.4399986
34.03 , -0.4300003
34.032 , -0.4500008
34.033 , -0.4399986
34.034 , -0.4399986
34.035 , -0.4399986
34.036 , -0.4399986
34.038 , -0.4500008
34.039 , -0.4300003
34.04 , -0.4199982
34.041 , -0.3999977
34.042 , -0.3999977
34.043 , -0.3999977
34.045 , -0.3400002
34.046 , -0.3899994
34.047 , -0.329998
34.048 , -0.329998
34.049 , -0.329998
34.051 , -0.2999992
34.052 , -0.25
34.053 , -0.2999992
34.054 , -0.2899971
34.055 , -0.2899971
34.057 , -0.2099991
34.058 , -0.1899986
34.059 , -0.1899986
34.06 , -0.1100006
34.061 , -0.1300011
34.063 , -0.06000137
34.064 , -0.09999847
34.065 , -0.02999878
34.067 , 0.02999878
34.068 , 0.02999878
34.07 , 0.08000183
34.071 , 0.08000183
34.072 , 0.08000183
34.074 , 0.1399994
34.075 , 0.1599998
34.076 , 0.2099991
34.077 , 0.170002
34.079 , 0.2400017
34.08 , 0.2700005
34.081 , 0.25
34.082 , 0.2700005
34.083 , 0.2700005
34.084 , 0.3500023
34.086 , 0.3500023
34.087 , 0.3600006
34.088 , 0.3600006
34.089 , 0.4099998
34.09 , 0.4199982
34.091 , 0.4199982
34.093 , 0.4199982
34.094 , 0.4500008
34.095 , 0.5
34.096 , 0.5
34.097 , 0.4599991
34.098 , 0.4599991
34.1 , 0.5400009
34.101 , 0.5200005
34.102 , 0.5400009
34.103 , 0.5400009
34.104 , 0.5499992
34.105 , 0.5499992
34.107 , 0.5800018
34.108 , 0.5600014
34.109 , 0.6300011
34.11 , 0.5699997
34.111 , 0.5699997
34.112 , 0.5900002
34.114 , 0.579998
34.115 , 0.5999985
34.116 , 0.5999985
34.117 , 0.5900002
34.118 , 0.6100006
34.119 , 0.5900002
34.121 , 0.6199989
34.122 , 0.6199989
34.123 , 0.6199989
34.124 , 0.6800003
34.125 , 0.6300011
34.126 , 0.6800003
34.128 , 0.6399994
34.129 , 0.6399994
34.13 , 0.6399994
34.131 , 0.6500015
34.132 , 0.6300011
34.133 , 0.6500015
34.135 , 0.6399994
34.136 , 0.6399994
34.137 , 0.6500015
34.138 , 0.6500015
34.139 , 0.6500015
34.14 , 0.6500015
34.142 , 0.6599998
34.143 , 0.6599998
34.144 , 0.6699982
34.145 , 0.6699982
34.146 , 0.6899986
34.148 , 0.6599998
34.149 , 0.6599998
34.15 , 0.6599998
34.151 , 0.6899986
34.153 , 0.6699982
34.154 , 0.6300011
34.155 , 0.6800003
34.156 , 0.6300011
34.157 , 0.6399994
34.166 , 0.6599998
34.168 , 0.670002
34.169 , 0.6500015
34.17 , 0.6500015
34.171 , 0.6599998
34.172 , 0.6100006
34.173 , 0.6599998
34.175 , 0.6199989
34.176 , 0.6199989
34.177 , 0.6100006
34.178 , 0.6100006
34.179 , 0.6100006
34.181 , 0.6199989
34.182 , 0.6199989
34.183 , 0.6399994
34.184 , 0.6500015
34.185 , 0.6300011
34.187 , 0.6599998
34.188 , 0.6399994
34.189 , 0.6399994
34.19 , 0.5900002
34.191 , 0.6500015
34.193 , 0.5800018
34.194 , 0.5900002
34.195 , 0.5900002
34.196 , 0.5900002
34.197 , 0.5900002
34.198 , 0.5999985
34.2 , 0.5999985
34.201 , 0.5900002
34.202 , 0.5900002
34.203 , 0.5900002
34.204 , 0.5999985
34.206 , 0.5499992
34.207 , 0.5999985
34.208 , 0.6100006
34.209 , 0.5600014
34.21 , 0.6100006
34.211 , 0.5499992
34.213 , 0.5499992
34.214 , 0.5600014
34.215 , 0.5100021
34.216 , 0.5600014
34.217 , 0.5100021
34.219 , 0.5200005
34.22 , 0.5
34.221 , 0.5100021
34.222 , 0.5100021
34.223 , 0.5100021
34.224 , 0.5200005
34.225 , 0.5200005
34.226 , 0.5200005
34.228 , 0.5099983
34.229 , 0.5099983
34.23 , 0.5099983
34.231 , 0.4700012
34.232 , 0.4700012
34.233 , 0.5200005
34.235 , 0.4599991
34.236 , 0.4599991
34.237 , 0.4599991
34.238 , 0.420002
34.239 , 0.4000015
34.241 , 0.4300003
34.242 , 0.4099998
34.243 , 0.4099998
34.244 , 0.4400024
34.245 , 0.420002
34.246 , 0.4400024
34.248 , 0.3800011
34.249 , 0.3800011
34.25 , 0.3800011
34.251 , 0.3700027
34.252 , 0.3500023
34.253 , 0.3500023
34.255 , 0.3600006
34.256 , 0.2900009
34.257 , 0.3100014
34.258 , 0.25
34.259 , 0.2999992
34.261 , 0.2600021
34.262 , 0.2600021
34.263 , 0.2600021
34.264 , 0.3199997
34.265 , 0.25
34.266 , 0.2700005
34.267 , 0.2700005
34.269 , 0.2600021
34.27 , 0.2600021
34.271 , 0.2000008
34.272 , 0.2000008
34.273 , 0.2000008
34.274 , 0.2000008
34.276 , 0.1900024
34.277 , 0.1900024
34.278 , 0.2000008
34.279 , 0.2000008
34.28 , 0.2000008
34.281 , 0.1599998
34.283 , 0.1599998
34.284 , 0.1599998
34.285 , 0.170002
34.286 , 0.170002
34.287 , 0.170002
34.289 , 0.1599998
34.29 , 0.1599998
34.291 , 0.1500015
34.292 , 0.170002
34.293 , 0.1500015
34.294 , 0.1500015
34.296 , 0.1100006
34.297 , 0.1100006
34.298 , 0.1000023
34.299 , 0.1200027
34.3 , 0.1000023
34.301 , 0.1100006
34.303 , 0.1100006
34.304 , 0.1300011
34.305 , 0.07000351
34.306 , 0.1200027
34.307 , 0.07000351
34.309 , 0.1300011
34.31 , 0.08000183
34.311 , 0.06999969
34.313 , 0.02999878
34.314 , 0.02999878
34.315 , 0.08000183
34.317 , 0.04000092
34.318 , 0.0
34.319 , 0.04999924
34.321 , 0.03000259
34.322 , 0.03000259
34.323 , 0.03000259
34.325 , 0.04000092
34.326 , 0.06999969
34.327 , 0.04000092
34.329 , 0.03000259
34.33 , 0.03000259
34.332 , 0.04000092
34.333 , -0.01000214
34.334 , -0.01000214
34.336 , 0.0
34.337 , 0.0
34.338 , 0.08000183
34.339 , 0.06000137
34.341 , 0.09000015
34.342 , 0.06999969
34.343 , 0.06999969
34.345 , 0.08000183
34.346 , 0.01000214
34.348 , 0.09000015
34.349 , 0.02000046
34.35 , 0.0399971
34.352 , 0.04999924
34.353 , 0.03000259
34.354 , 0.03000259
34.356 , 0.0
34.357 , 0.0
34.358 , 0.05000305
34.359 , 0.01000214
34.361 , 0.05000305
34.362 , 0.02000046
34.363 , 0.02000046
34.365 , 0.06999969
34.366 , 0.02999878
34.368 , 0.01000214
34.369 , 0.04000092
34.37 , 0.01000214
34.372 , 0.02000046
34.373 , 0.02000046
34.374 , 0.0
34.376 , 0.01000214
34.377 , 0.01000214
34.378 , 0.02000046
34.38 , 0.02000046
34.381 , 0.02000046
34.382 , 0.03000259
34.384 , 0.03000259
34.385 , 0.04000092
34.386 , 0.04000092
34.388 , 0.0
34.389 , 0.0
34.39 , 0.0
34.391 , 0.0
34.392 , -0.009998322
34.394 , -0.009998322
34.395 , -0.05000305
34.397 , 0.0
34.398 , 0.01000214
34.399 , 0.01000214
34.401 , -0.04000092
34.402 , 0.02000046
34.403 , -0.03000259
34.405 , -0.02000046
34.406 , -0.04000092
34.407 , -0.04000092
34.409 , -0.03000259
34.41 , -0.03000259
34.412 , -0.02000046
34.413 , -0.0399971
34.414 , -0.0399971
34.416 , -0.02999878
34.417 , -0.01000214
34.418 , -0.01999664
34.42 , -0.01999664
34.421 , -0.08999634
34.423 , -0.06000137
34.424 , -0.06000137
34.425 , -0.06999969
34.427 , -0.06999969
34.428 , -0.04000092
34.43 , -0.04000092
34.431 , -0.04000092
34.432 , -0.03000259
34.434 , -0.03000259
34.435 , -0.0399971
34.437 , -0.0399971
34.438 , -0.1100006
34.439 , -0.08000183
34.441 , -0.02999878
34.442 , -0.06999969
34.443 , -0.01999664
34.445 , -0.06000137
34.446 , -0.08000183
34.448 , -0.06000137
34.449 , -0.05000305
34.45 , -0.07000351
34.452 , -0.09999847
34.453 , -0.09999847
34.454 , -0.1300011
34.456 , -0.1200027
34.457 , -0.09000015
34.458 , -0.1200027
34.459 , -0.07999802
34.461 , -0.1100006
34.462 , -0.1000023
34.463 , -0.1200027
34.464 , -0.1000023
34.465 , -0.1100006
34.466 , -0.09000015
34.468 , -0.09000015
34.469 , -0.1000023
34.47 , -0.1000023
34.472 , -0.1599998
34.473 , -0.09000015
34.474 , -0.1599998
34.475 , -0.1500015
34.477 , -0.1500015
34.478 , -0.1699982
34.479 , -0.1400032
34.48 , -0.1599998
34.481 , -0.1599998
34.482 , -0.1499977
34.484 , -0.1499977
34.485 , -0.1900024
34.486 , -0.1900024
34.487 , -0.1900024
34.488 , -0.1900024
34.49 , -0.2000008
34.491 , -0.1800003
34.492 , -0.170002
34.493 , -0.1900024
34.494 , -0.2099991
34.495 , -0.1999969
34.497 , -0.1999969
34.498 , -0.1800003
34.499 , -0.1899986
34.5 , -0.1899986
34.501 , -0.170002
34.503 , -0.1799965
34.504 , -0.1599998
34.505 , -0.1699982
34.506 , -0.2200012
34.507 , -0.1699982
34.509 , -0.1599998
34.51 , -0.1599998
34.511 , -0.2100029
34.512 , -0.1499977
34.513 , -0.2200012
34.515 , -0.2200012
34.516 , -0.2100029
34.517 , -0.2100029
34.518 , -0.2100029
34.519 , -0.25
34.52 , -0.2000008
34.522 , -0.2400017
34.523 , -0.1900024
34.524 , -0.1900024
34.525 , -0.1900024
34.526 , -0.2299995
34.527 , -0.25
34.529 , -0.2200012
34.53 , -0.2200012
34.531 , -0.2200012
34.532 , -0.2300034
34.533 , -0.2300034
34.534 , -0.2100029
34.536 , -0.2200012
34.537 , -0.2900009
34.538 , -0.2000008
34.539 , -0.3000031
34.54 , -0.3000031
34.541 , -0.3000031
34.542 , -0.2900009
34.544 , -0.3400002
34.545 , -0.2900009
34.546 , -0.2600021
34.547 , -0.3300018
34.548 , -0.3300018
34.549 , -0.3199997
34.551 , -0.3199997
34.552 , -0.3300018
34.553 , -0.3300018
34.554 , -0.3300018
34.555 , -0.3300018
34.557 , -0.3199997
34.558 , -0.3899994
34.559 , -0.3600006
34.56 , -0.3100014
34.561 , -0.3600006
34.563 , -0.3500023
34.564 , -0.3500023
34.565 , -0.3500023
34.566 , -0.2900009
34.567 , -0.3400002
34.568 , -0.3400002
34.57 , -0.3300018
34.571 , -0.3300018
34.572 , -0.3400002
34.573 , -0.3600006
34.574 , -0.3600006
34.575 , -0.3400002
34.577 , -0.3300018
34.578 , -0.3500023
34.579 , -0.3400002
34.58 , -0.3899994
34.581 , -0.3899994
34.583 , -0.3300018
34.584 , -0.3300018
34.585 , -0.3300018
34.586 , -0.3199997
34.587 , -0.3199997
34.589 , -0.3600006
34.59 , -0.3100014
34.591 , -0.3600006
34.592 , -0.3600006
34.593 , -0.3500023
34.594 , -0.3700027
34.596 , -0.4099998
34.597 , -0.4099998
34.598 , -0.3600006
34.599 , -0.420002
34.6 , -0.420002
34.602 , -0.3500023
34.603 , -0.3899994
34.604 , -0.3899994
34.605 , -0.3400002
34.606 , -0.3300018
34.607 , -0.3300018
34.609 , -0.3199997
34.61 , -0.3699989
34.611 , -0.3899994
34.612 , -0.3899994
34.613 , -0.3800011
34.615 , -0.3800011
34.616 , -0.3700027
34.617 , -0.3900032
34.618 , -0.3900032
34.619 , -0.3800011
34.62 , -0.3800011
34.622 , -0.3800011
34.623 , -0.3500023
34.624 , -0.3700027
34.625 , -0.3700027
34.626 , -0.3600006
34.627 , -0.4099998
34.629 , -0.3500023
34.63 , -0.3500023
34.631 , -0.3500023
34.632 , -0.4000015
34.633 , -0.4099998
34.635 , -0.3899994
34.636 , -0.3800011
34.637 , -0.3800011
34.638 , -0.4000015
34.639 , -0.3699989
34.64 , -0.3899994
34.642 , -0.4399986
34.643 , -0.3800011
34.644 , -0.3800011
34.645 , -0.3800011
34.646 , -0.3700027
34.648 , -0.3700027
34.649 , -0.4099998
34.65 , -0.3600006
34.651 , -0.4099998
34.652 , -0.4099998
34.654 , -0.420002
34.655 , -0.4000015
34.656 , -0.4099998
34.657 , -0.4099998
34.658 , -0.3899994
34.66 , -0.4000015
34.661 , -0.4000015
34.662 , -0.4000015
34.663 , -0.3899994
34.664 , -0.3699989
34.666 , -0.4300003
34.667 , -0.3800011
34.668 , -0.3800011
34.669 , -0.3600006
34.67 , -0.4199982
34.672 , -0.4199982
34.673 , -0.4099998
34.674 , -0.4099998
34.675 , -0.4099998
34.676 , -0.420002
34.678 , -0.420002
34.679 , -0.4000015
34.68 , -0.4099998
34.681 , -0.4099998
34.682 , -0.3899994
34.684 , -0.4000015
34.685 , -0.4000015
34.686 , -0.4099998
34.687 , -0.4099998
34.688 , -0.4099998
34.69 , -0.4000015
34.691 , -0.4000015
34.692 , -0.4000015
34.693 , -0.4399986
34.694 , -0.4399986
34.696 , -0.4300003
34.697 , -0.4300003
34.698 , -0.4300003
34.699 , -0.4500008
34.7 , -0.420002
34.701 , -0.420002
34.703 , -0.4300003
34.704 , -0.3600006
34.705 , -0.4300003
34.706 , -0.4000015
34.707 , -0.4700012
34.708 , -0.4700012
34.709 , -0.4700012
34.711 , -0.4599991
34.712 , -0.4099998
34.713 , -0.4500008
34.714 , -0.4500008
34.715 , -0.4700012
34.716 , -0.4599991
34.718 , -0.4399986
34.719 , -0.4599991
34.72 , -0.4500008
34.721 , -0.4500008
34.722 , -0.4300003
34.724 , -0.4399986
34.725 , -0.4399986
34.726 , -0.4300003
34.727 , -0.4300003
34.728 , -0.4300003
34.729 , -0.4500008
34.731 , -0.420002
34.732 , -0.4400024
34.733 , -0.4300003
34.734 , -0.4799995
34.735 , -0.4300003
34.736 , -0.4700012
34.738 , -0.4700012
34.739 , -0.4700012
34.74 , -0.4599991
34.741 , -0.4099998
34.742 , -0.4099998
34.744 , -0.4000015
34.745 , -0.4700012
34.746 , -0.4000015
34.747 , -0.3899994
34.748 , -0.4399986
34.749 , -0.4399986
34.751 , -0.4500008
34.752 , -0.4500008
34.753 , -0.4199982
34.754 , -0.4399986
34.756 , -0.4199982
34.757 , -0.4300003
34.758 , -0.4300003
34.759 , -0.4300003
34.76 , -0.420002
34.761 , -0.420002
34.763 , -0.4099998
34.764 , -0.4099998
34.765 , -0.4599991
34.766 , -0.3899994
34.768 , -0.4000015
34.769 , -0.4000015
34.77 , -0.3699989
34.771 , -0.3699989
34.772 , -0.3899994
34.774 , -0.3800011
34.775 , -0.3800011
34.776 , -0.3800011
34.777 , -0.3499985
34.778 , -0.3499985
34.78 , -0.3600006
34.781 , -0.2900009
34.782 , -0.2900009
34.783 , -0.2600021
34.784 , -0.2600021
34.785 , -0.2400017
34.787 , -0.2299995
34.788 , -0.2299995
34.789 , -0.1800003
34.79 , -0.170002
34.791 , -0.170002
34.792 , -0.1000023
34.794 , -0.06999969
34.795 , -0.06999969
34.797 , -0.06000137
34.798 , -0.04000092
34.799 , 0.009998322
34.801 , 0.04000092
34.802 , 0.09000015
34.803 , 0.09999847
34.805 , 0.1199989
34.806 , 0.1699982
34.807 , 0.1800003
34.808 , 0.2200012
34.81 , 0.2299995
34.811 , 0.2099991
34.812 , 0.2799988
34.813 , 0.2399979
34.814 , 0.2899971
34.816 , 0.2899971
34.817 , 0.2999992
34.818 , 0.3199997
34.819 , 0.3699989
34.82 , 0.3799973
34.822 , 0.3799973
34.823 , 0.4099998
34.824 , 0.3899994
34.825 , 0.4099998
34.827 , 0.4399986
34.828 , 0.4399986
34.829 , 0.4399986
34.83 , 0.4500008
34.831 , 0.4500008
34.832 , 0.5
34.834 , 0.4599991
34.835 , 0.4599991
34.836 , 0.5099983
34.837 , 0.4700012
34.838 , 0.5200005
34.84 , 0.5299988
34.841 , 0.5499992
34.842 , 0.5499992
34.843 , 0.5299988
34.844 , 0.6099968
34.846 , 0.5399971
34.847 , 0.6199989
34.848 , 0.6199989
34.849 , 0.6199989
34.851 , 0.6299973
34.86 , 0.6599998
34.861 , 0.6800003
34.862 , 0.6599998
34.863 , 0.6800003
34.864 , 0.6899986
34.866 , 0.7599983
34.867 , 0.7699966
34.868 , 0.6999969
34.869 , 0.6999969
34.871 , 0.6899986
34.872 , 0.6399994
34.873 , 0.6899986
34.874 , 0.6999969
34.875 , 0.6999969
34.877 , 0.7099991
34.878 , 0.6599998
34.879 , 0.7099991
34.88 , 0.6699982
34.882 , 0.6699982
34.883 , 0.6499977
34.884 , 0.6599998
34.885 , 0.7299995
34.887 , 0.6699982
34.888 , 0.7399979
34.889 , 0.6899986
34.89 , 0.7000008
34.891 , 0.6800003
34.893 , 0.6800003
34.894 , 0.6399994
34.895 , 0.6199989
34.896 , 0.6399994
34.897 , 0.6499977
34.899 , 0.6499977
34.9 , 0.6599998
34.901 , 0.6599998
34.902 , 0.6399994
34.904 , 0.6499977
34.905 , 0.6699982
34.906 , 0.6699982
34.907 , 0.6599998
34.908 , 0.6599998
34.91 , 0.6399994
34.911 , 0.6499977
34.912 , 0.6499977
34.913 , 0.5999985
34.915 , 0.6599998
34.916 , 0.5900002
34.917 , 0.5999985
34.918 , 0.5999985
34.92 , 0.5999985
34.921 , 0.6100006
34.922 , 0.6300011
34.923 , 0.6100006
34.924 , 0.6199989
34.925 , 0.5699997
34.927 , 0.6299973
34.928 , 0.579998
34.929 , 0.579998
34.93 , 0.5599976
34.932 , 0.5699997
34.933 , 0.5699997
34.934 , 0.5599976
34.935 , 0.5599976
34.936 , 0.5599976
34.938 , 0.5200005
34.939 , 0.5699997
34.94 , 0.5200005
34.941 , 0.5299988
34.942 , 0.5099983
34.944 , 0.5200005
34.945 , 0.5200005
34.946 , 0.5200005
34.947 , 0.4799995
34.948 , 0.4799995
34.95 , 0.3899994
34.951 , 0.4199982
34.952 , 0.3999977
34.953 , 0.3999977
34.955 , 0.3899994
34.956 , 0.3899994
34.957 , 0.3499985
34.958 , 0.3499985
34.959 , 0.329998
34.961 , 0.2900009
34.962 , 0.2900009
34.963 , 0.2900009
34.964 , 0.2999992
34.965 , 0.2799988
34.967 , 0.3100014
34.968 , 0.2900009
34.969 , 0.2900009
34.97 , 0.2700005
34.971 , 0.2799988
34.972 , 0.2799988
34.974 , 0.3100014
34.975 , 0.3100014
34.976 , 0.2900009
34.977 , 0.3199997
34.978 , 0.3199997
34.98 , 0.3400002
34.981 , 0.3099976
34.982 , 0.2599983
34.983 , 0.1899986
34.984 , 0.2000008
34.985 , 0.1800003
34.987 , 0.1800003
34.988 , 0.2099991
34.989 , 0.2599983
34.99 , 0.2599983
34.992 , 0.2200012
34.993 , 0.2000008
34.994 , 0.2099991
34.995 , 0.1399994
34.996 , 0.1399994
34.997 , 0.1199989
34.999 , 0.1500015
35.0 , 0.1500015
35.001 , 0.1599998
35.002 , 0.1599998
35.003 , 0.1599998
35.005 , 0.170002
35.006 , 0.170002
35.007 , 0.1500015
35.008 , 0.1100006
35.009 , 0.1100006
35.01 , 0.1100006
35.011 , 0.09999847
35.013 , 0.09999847
35.014 , 0.1100006
35.015 , 0.06999969
35.017 , 0.1100006
35.018 , 0.07999802
35.019 , 0.07999802
35.021 , 0.09000015
35.022 , 0.06000137
35.023 , 0.06000137
35.025 , 0.09999847
35.026 , 0.06999969
35.028 , 0.08000183
35.029 , 0.06000137
35.03 , 0.06000137
35.032 , 0.06999969
35.033 , 0.02000046
35.034 , 0.02999878
35.036 , 0.07999802
35.037 , 0.009998322
35.039 , 0.02000046
35.04 , 0.02000046
35.041 , 0.04999924
35.043 , 0.02999878
35.044 , 0.04000092
35.046 , 0.04000092
35.047 , 0.04000092
35.048 , 0.009998322
35.05 , 0.009998322
35.051 , 0.02000046
35.053 , -0.009998322
35.054 , -0.02000046
35.055 , 0.0
35.057 , 0.0
35.058 , 0.01000214
35.059 , -0.009998322
35.061 , 0.02000046
35.062 , 0.02000046
35.063 , 0.02000046
35.065 , 0.02999878
35.066 , 0.02999878
35.068 , 0.06999969
35.069 , 0.04000092
35.07 , 0.02000046
35.072 , -0.02000046
35.073 , -0.04000092
35.074 , -0.04000092
35.076 , -0.009998322
35.077 , -0.02999878
35.079 , -0.02000046
35.08 , -0.02000046
35.081 , -0.009998322
35.083 , 0.01000214
35.084 , -0.009998322
35.086 , 0.0
35.087 , 0.0
35.088 , -0.0399971
35.089 , -0.0399971
35.091 , -0.02999878
35.092 , -0.02999878
35.094 , -0.04999924
35.095 , -0.04000092
35.096 , -0.02000046
35.098 , -0.009998322
35.099 , -0.02999878
35.101 , -0.02000046
35.102 , -0.02000046
35.103 , -0.02000046
35.105 , -0.009998322
35.106 , -0.009998322
35.108 , 0.0
35.109 , 0.0
35.11 , -0.04000092
35.111 , -0.02999878
35.113 , 0.01000214
35.114 , -0.05999756
35.115 , -0.06999969
35.117 , -0.04999924
35.118 , -0.04000092
35.12 , -0.06000137
35.121 , -0.04999924
35.122 , -0.02999878
35.124 , -0.02999878
35.125 , -0.02000046
35.126 , -0.02000046
35.128 , -0.02999878
35.129 , -0.02999878
35.131 , -0.02000046
35.132 , -0.02000046
35.133 , -0.02000046
35.135 , -0.05999756
35.136 , -0.05999756
35.138 , -0.06999969
35.139 , -0.06999969
35.14 , -0.04999924
35.142 , -0.0399971
35.143 , -0.09999847
35.145 , -0.04999924
35.146 , 0.02000046
35.147 , -0.02999878
35.149 , -0.04000092
35.15 , -0.04000092
35.152 , -0.02999878
35.153 , -0.09999847
35.154 , -0.09999847
35.156 , -0.09000015
35.157 , -0.09000015
35.159 , -0.07999802
35.16 , -0.07999802
35.161 , -0.07999802
35.163 , -0.04000092
35.164 , -0.06999969
35.166 , -0.02999878
35.167 , -0.07999802
35.168 , -0.04999924
35.17 , -0.06999969
35.171 , -0.1399994
35.173 , -0.1099968
35.174 , -0.05999756
35.175 , -0.04999924
35.177 , -0.09999847
35.178 , -0.1100006
35.179 , -0.1100006
35.18 , -0.09000015
35.182 , -0.07999802
35.183 , -0.07999802
35.184 , -0.09999847
35.186 , -0.09000015
35.187 , -0.09000015
35.189 , -0.05999756
35.19 , -0.07999802
35.192 , -0.1100006
35.193 , -0.1100006
35.194 , -0.1100006
35.195 , -0.09999847
35.196 , -0.1299973
35.198 , -0.09000015
35.199 , -0.09000015
35.2 , -0.09000015
35.202 , -0.08000183
35.203 , -0.1100006
35.204 , -0.1100006
35.205 , -0.09999847
35.207 , -0.09999847
35.208 , -0.1100006
35.209 , -0.09000015
35.211 , -0.1100006
35.212 , -0.1499977
35.213 , -0.09999847
35.214 , -0.09999847
35.216 , -0.1399994
35.217 , -0.1399994
35.218 , -0.1599998
35.22 , -0.1299973
35.221 , -0.07999802
35.222 , -0.1199989
35.223 , -0.1199989
35.225 , -0.1299973
35.226 , -0.1299973
35.227 , -0.1099968
35.228 , -0.1699982
35.229 , -0.1199989
35.231 , -0.1599998
35.232 , -0.1500015
35.233 , -0.1500015
35.234 , -0.1500015
35.235 , -0.1399994
35.236 , -0.1699982
35.238 , -0.1399994
35.239 , -0.1599998
35.24 , -0.1599998
35.241 , -0.1599998
35.242 , -0.1499977
35.244 , -0.1899986
35.245 , -0.1800003
35.246 , -0.1800003
35.247 , -0.1800003
35.248 , -0.1800003
35.25 , -0.1699982
35.251 , -0.1999969
35.252 , -0.1899986
35.253 , -0.2099991
35.254 , -0.2099991
35.256 , -0.1799965
35.257 , -0.1799965
35.258 , -0.1799965
35.259 , -0.1899986
35.261 , -0.2299995
35.262 , -0.1599998
35.263 , -0.1800003
35.264 , -0.1599998
35.265 , -0.1699982
35.267 , -0.1499977
35.268 , -0.1499977
35.269 , -0.2000008
35.27 , -0.2000008
35.271 , -0.2000008
35.272 , -0.1899986
35.274 , -0.1499977
35.275 , -0.2099991
35.276 , -0.1800003
35.277 , -0.2099991
35.279 , -0.1699982
35.28 , -0.2399979
35.281 , -0.1999969
35.282 , -0.1899986
35.283 , -0.2299995
35.285 , -0.1800003
35.286 , -0.1800003
35.287 , -0.1500015
35.288 , -0.1800003
35.289 , -0.2099991
35.291 , -0.2099991
35.292 , -0.2000008
35.293 , -0.2299995
35.294 , -0.2299995
35.295 , -0.2299995
35.297 , -0.1899986
35.298 , -0.2399979
35.299 , -0.2099991
35.3 , -0.2099991
35.302 , -0.1999969
35.303 , -0.2199974
35.304 , -0.1999969
35.305 , -0.1999969
35.306 , -0.2099991
35.308 , -0.1899986
35.309 , -0.1999969
35.31 , -0.1999969
35.311 , -0.1999969
35.312 , -0.2299995
35.314 , -0.2299995
35.315 , -0.2599983
35.316 , -0.2200012
35.317 , -0.25
35.318 , -0.2200012
35.319 , -0.2399979
35.321 , -0.2399979
35.322 , -0.2000008
35.323 , -0.2000008
35.324 , -0.2299995
35.325 , -0.2000008
35.327 , -0.1899986
35.328 , -0.1899986
35.329 , -0.2099991
35.33 , -0.2099991
35.331 , -0.25
35.333 , -0.2399979
35.334 , -0.2399979
35.335 , -0.2700005
35.336 , -0.2600021
35.337 , -0.2600021
35.338 , -0.2600021
35.34 , -0.25
35.341 , -0.25
35.342 , -0.2799988
35.343 , -0.2400017
35.344 , -0.2400017
35.345 , -0.2400017
35.347 , -0.2700005
35.348 , -0.2300034
35.349 , -0.2599983
35.35 , -0.2900009
35.351 , -0.2599983
35.353 , -0.25
35.354 , -0.2800026
35.355 , -0.2800026
35.356 , -0.2700005
35.357 , -0.2700005
35.358 , -0.2899971
35.36 , -0.2600021
35.361 , -0.2799988
35.362 , -0.25
35.363 , -0.25
35.364 , -0.25
35.366 , -0.2599983
35.367 , -0.2599983
35.368 , -0.2400017
35.369 , -0.2300034
35.37 , -0.2300034
35.371 , -0.25
35.373 , -0.2399979
35.374 , -0.2799988
35.375 , -0.2799988
35.376 , -0.2700005
35.377 , -0.2700005
35.379 , -0.2900009
35.38 , -0.2900009
35.381 , -0.2599983
35.382 , -0.2599983
35.383 , -0.25
35.385 , -0.2800026
35.386 , -0.2700005
35.387 , -0.2700005
35.388 , -0.2700005
35.389 , -0.2999992
35.391 , -0.2600021
35.392 , -0.2600021
35.393 , -0.2899971
35.394 , -0.2899971
35.395 , -0.2899971
35.397 , -0.3100014
35.398 , -0.2799988
35.399 , -0.2700005
35.4 , -0.3000031
35.401 , -0.3000031
35.402 , -0.3000031
35.403 , -0.2599983
35.405 , -0.2599983
35.406 , -0.2800026
35.407 , -0.25
35.408 , -0.25
35.409 , -0.2700005
35.41 , -0.2900009
35.412 , -0.2700005
35.413 , -0.2600021
35.414 , -0.2800026
35.415 , -0.2800026
35.416 , -0.3099976
35.418 , -0.2700005
35.419 , -0.2999992
35.42 , -0.2999992
35.421 , -0.2600021
35.422 , -0.2999992
35.424 , -0.3199997
35.425 , -0.2899971
35.426 , -0.2799988
35.427 , -0.2799988
35.428 , -0.2799988
35.43 , -0.2700005
35.431 , -0.3000031
35.432 , -0.2700005
35.433 , -0.2900009
35.434 , -0.329998
35.436 , -0.3199997
35.437 , -0.3199997
35.438 , -0.25
35.439 , -0.3099976
35.44 , -0.2700005
35.442 , -0.3400002
35.443 , -0.2999992
35.444 , -0.2999992
35.445 , -0.3300018
35.446 , -0.2899971
35.447 , -0.3199997
35.449 , -0.3100014
35.45 , -0.3100014
35.451 , -0.3699989
35.452 , -0.3100014
35.453 , -0.3600006
35.455 , -0.3200035
35.456 , -0.3100014
35.457 , -0.3100014
35.458 , -0.3100014
35.459 , -0.2900009
35.46 , -0.3000031
35.462 , -0.3400002
35.463 , -0.2900009
35.464 , -0.2900009
35.465 , -0.2900009
35.466 , -0.3199997
35.467 , -0.2800026
35.469 , -0.2800026
35.47 , -0.25
35.471 , -0.2700005
35.472 , -0.2700005
35.473 , -0.2999992
35.474 , -0.2600021
35.476 , -0.2899971
35.477 , -0.2899971
35.478 , -0.25
35.479 , -0.2899971
35.48 , -0.2799988
35.482 , -0.2400017
35.483 , -0.2300034
35.484 , -0.2300034
35.485 , -0.2300034
35.486 , -0.2200012
35.487 , -0.2000008
35.489 , -0.2200012
35.49 , -0.1900024
35.491 , -0.1900024
35.492 , -0.2100029
35.493 , -0.1499977
35.495 , -0.1499977
35.496 , -0.1399994
35.497 , -0.1000023
35.498 , -0.1399994
35.499 , -0.1000023
35.501 , -0.05999756
35.502 , -0.05999756
35.503 , -0.01000214
35.505 , -0.01000214
35.506 , 0.02000046
35.507 , 0.09000015
35.509 , 0.09000015
35.51 , 0.09999847
35.512 , 0.09999847
35.513 , 0.1399994
35.514 , 0.1399994
35.515 , 0.1399994
35.517 , 0.1900024
35.518 , 0.1900024
35.519 , 0.2099991
35.52 , 0.25
35.521 , 0.2899971
35.523 , 0.2600021
35.524 , 0.2999992
35.525 , 0.3300018
35.526 , 0.3099976
35.527 , 0.3800011
35.528 , 0.3400002
35.53 , 0.3900032
35.531 , 0.3900032
35.532 , 0.420002
35.533 , 0.4000015
35.534 , 0.4000015
35.535 , 0.4700012
35.536 , 0.4300003
35.538 , 0.4399986
35.539 , 0.4799995
35.54 , 0.5100021
35.541 , 0.5100021
35.542 , 0.4900017
35.544 , 0.5200005
35.545 , 0.5200005
35.546 , 0.5499992
35.547 , 0.5300026
35.548 , 0.5600014
35.549 , 0.6000023
35.551 , 0.5400009
35.552 , 0.5400009
35.553 , 0.5500031
35.554 , 0.5800018
35.555 , 0.5800018
35.556 , 0.5800018
35.565 , 0.6100006
35.567 , 0.6599998
35.568 , 0.6599998
35.569 , 0.6599998
35.57 , 0.6300011
35.571 , 0.6300011
35.573 , 0.6399994
35.574 , 0.6100006
35.575 , 0.6800003
35.576 , 0.6399994
35.577 , 0.6900024
35.579 , 0.6500015
35.58 , 0.6599998
35.581 , 0.7000008
35.582 , 0.7000008
35.583 , 0.670002
35.584 , 0.670002
35.586 , 0.670002
35.587 , 0.6800003
35.588 , 0.6800003
35.589 , 0.6500015
35.59 , 0.6600037
35.591 , 0.6000023
35.593 , 0.670002
35.594 , 0.6500015
35.595 , 0.6500015
35.596 , 0.6100006
35.597 , 0.6199989
35.599 , 0.6599998
35.6 , 0.670002
35.601 , 0.6300011
35.602 , 0.6300011
35.603 , 0.6399994
35.605 , 0.6100006
35.606 , 0.6399994
35.607 , 0.6200027
35.608 , 0.6200027
35.609 , 0.6200027
35.61 , 0.6300011
35.612 , 0.5900002
35.613 , 0.5900002
35.614 , 0.5699997
35.615 , 0.5300026
35.616 , 0.5
35.617 , 0.4900017
35.619 , 0.4900017
35.62 , 0.3899994
35.621 , 0.3599968
35.622 , 0.1999969
35.623 , 0.1399994
35.625 , 0.08000183
35.626 , 0.01000214
35.627 , 0.1299973
35.629 , 0.2899971
35.63 , 0.4599991
35.631 , 0.5800018
35.632 , 0.6199989
35.633 , 0.5499992
35.635 , 0.5
35.636 , 0.4699974
35.637 , 0.2800026
35.638 , 0.2299995
35.639 , 0.1900024
35.64 , 0.2399979
35.642 , 0.2399979
35.643 , 0.2900009
35.644 , 0.3000031
35.645 , 0.3400002
35.646 , 0.2700005
35.647 , 0.2599983
35.649 , 0.2599983
35.65 , 0.2299995
35.651 , 0.2699966
35.652 , 0.3199997
35.654 , 0.2999992
35.655 , 0.3300018
35.656 , 0.2999992
35.657 , 0.3099976
35.658 , 0.2899971
35.66 , 0.2999992
35.661 , 0.2999992
35.662 , 0.2999992
35.663 , 0.2999992
35.664 , 0.2700005
35.666 , 0.3099976
35.667 , 0.25
35.668 , 0.2100029
35.669 , 0.2100029
35.67 , 0.2200012
35.672 , 0.2599983
35.673 , 0.2599983
35.674 , 0.2700005
35.675 , 0.2700005
35.676 , 0.2300034
35.678 , 0.170002
35.679 , 0.170002
35.68 , 0.1599998
35.681 , 0.1599998
35.682 , 0.1800003
35.684 , 0.2299995
35.685 , 0.2299995
35.686 , 0.2299995
35.687 , 0.2399979
35.688 , 0.2000008
35.69 , 0.1800003
35.691 , 0.1900024
35.692 , 0.1900024
35.693 , 0.1599998
35.694 , 0.1300011
35.695 , 0.1300011
35.696 , 0.1699982
35.698 , 0.1800003
35.699 , 0.1400032
35.7 , 0.1800003
35.701 , 0.1500015
35.702 , 0.1500015
35.703 , 0.1899986
35.705 , 0.1599998
35.706 , 0.1599998
35.707 , 0.1399994
35.708 , 0.170002
35.709 , 0.09999847
35.711 , 0.1499977
35.712 , 0.1099968
35.713 , 0.1099968
35.714 , 0.1199989
35.716 , 0.1000023
35.717 , 0.1100006
35.718 , 0.1100006
35.719 , 0.1299973
35.72 , 0.1100006
35.721 , 0.05000305
35.723 , 0.1200027
35.724 , 0.09999847
35.725 , 0.1300011
35.727 , 0.1100006
35.728 , 0.07000351
35.729 , 0.07000351
35.73 , 0.04000092
35.732 , 0.04999924
35.733 , 0.08000183
35.735 , 0.01999664
35.736 , 0.0
35.737 , 0.06999969
35.739 , 0.06999969
35.74 , 0.06999969
35.741 , 0.02000046
35.743 , 0.0399971
35.744 , 0.03000259
35.746 , 0.03000259
35.747 , 0.05999756
35.748 , 0.04000092
35.75 , 0.04000092
35.751 , 0.02000046
35.752 , 0.02000046
35.754 , 0.02999878
35.755 , -0.01000214
35.757 , 0.0
35.758 , 0.0
35.759 , 0.04000092
35.76 , -0.02999878
35.762 , -0.02000046
35.763 , 0.009998322
35.765 , 0.01999664
35.766 , 0.01999664
35.767 , 0.01999664
35.769 , 0.0
35.77 , 0.0
35.771 , 0.0399971
35.773 , -0.06000137
35.774 , -0.02000046
35.775 , -0.02000046
35.777 , -0.04999924
35.778 , 0.02999878
35.78 , -0.01000214
35.781 , 0.04000092
35.782 , 0.06999969
35.784 , 0.04999924
35.785 , 0.04999924
35.787 , 0.04999924
35.788 , 0.05999756
35.789 , 0.01999664
35.791 , 0.02999878
35.792 , 0.02999878
35.794 , 0.009998322
35.795 , 0.009998322
35.797 , 0.009998322
35.798 , 0.02000046
35.8 , 0.02000046
35.801 , 0.02999878
35.802 , -0.01000214
35.804 , 0.04000092
35.805 , 0.0
35.806 , 0.04000092
35.808 , 0.04999924
35.809 , 0.009998322
35.811 , 0.02000046
35.812 , 0.02000046
35.813 , 0.0
35.814 , 0.009998322
35.816 , 0.009998322
35.817 , 0.009998322
35.819 , 0.01999664
35.82 , -0.01000214
35.822 , 0.02999878
35.823 , 0.02999878
35.824 , 0.0399971
35.826 , 0.0399971
35.827 , 0.009998322
35.829 , 0.04999924
35.83 , 0.02000046
35.831 , -0.01000214
35.833 , -0.01000214
35.834 , 0.0
35.835 , 0.0
35.836 , 0.0
35.838 , 0.009998322
35.839 , -0.02000046
35.84 , 0.009998322
35.842 , -0.009998322
35.843 , -0.009998322
35.845 , 0.06999969
35.846 , 0.0
35.847 , 0.0
35.849 , 0.0399971
35.85 , 0.009998322
35.852 , 0.02000046
35.853 , -0.04000092
35.854 , -0.04000092
35.856 , -0.03000259
35.857 , -0.01000214
35.858 , 0.0
35.859 , 0.0
35.861 , -0.04000092
35.862 , 0.009998322
35.863 , 0.009998322
35.865 , 0.02000046
35.866 , 0.02000046
35.868 , 0.009998322
35.869 , -0.02000046
35.871 , 0.01999664
35.872 , -0.05000305
35.873 , -0.05000305
35.875 , -0.06999969
35.876 , -0.06999969
35.878 , -0.03000259
35.879 , 0.009998322
35.881 , -0.04999924
35.882 , -0.04999924
35.883 , -0.04999924
35.885 , -0.04000092
35.886 , -0.01000214
35.888 , -0.02999878
35.889 , -0.02999878
35.89 , -0.09000015
35.892 , -0.08000183
35.893 , -0.06000137
35.895 , -0.04999924
35.896 , -0.06999969
35.897 , -0.1199989
35.899 , -0.1100006
35.9 , -0.06000137
35.901 , -0.05000305
35.903 , -0.05000305
35.904 , -0.1000023
35.905 , -0.09000015
35.906 , -0.04000092
35.908 , -0.08000183
35.909 , -0.08000183
35.911 , -0.09000015
35.912 , -0.09000015
35.913 , -0.09000015
35.915 , -0.08000183
35.916 , -0.08000183
35.917 , -0.1100006
35.919 , -0.09999847
35.92 , -0.09999847
35.922 , -0.06000137
35.923 , -0.09000015
35.924 , -0.09000015
35.926 , -0.07999802
35.927 , -0.1199989
35.928 , -0.06999969
35.93 , -0.1100006
35.931 , -0.06999969
35.932 , -0.1000023
35.934 , -0.1000023
35.935 , -0.09000015
35.936 , -0.1100006
35.937 , -0.1100006
35.938 , -0.08000183
35.94 , -0.1000023
35.941 , -0.1000023
35.942 , -0.09000015
35.944 , -0.06999969
35.945 , -0.1300011
35.946 , -0.08000183
35.948 , -0.1199989
35.949 , -0.06999969
35.95 , -0.1199989
35.951 , -0.1199989
35.953 , -0.1300011
35.954 , -0.1300011
35.955 , -0.1000023
35.956 , -0.1200027
35.957 , -0.1500015
35.958 , -0.1800003
35.959 , -0.1399994
35.961 , -0.1399994
35.962 , -0.1300011
35.963 , -0.1000023
35.964 , -0.1000023
35.965 , -0.1199989
35.967 , -0.1199989
35.968 , -0.1100006
35.969 , -0.1500015
35.97 , -0.1100006
35.971 , -0.170002
35.972 , -0.1599998
35.974 , -0.1399994
35.975 , -0.1500015
35.976 , -0.1500015
35.977 , -0.1500015
35.978 , -0.1399994
35.98 , -0.1399994
35.981 , -0.1399994
35.982 , -0.1300011
35.983 , -0.1300011
35.984 , -0.1300011
35.986 , -0.1200027
35.987 , -0.1200027
35.988 , -0.1599998
35.989 , -0.1599998
35.99 , -0.1599998
35.992 , -0.1500015
35.993 , -0.170002
35.994 , -0.2000008
35.995 , -0.1599998
35.996 , -0.1899986
35.998 , -0.1500015
35.999 , -0.1800003
36.0 , -0.1800003
36.001 , -0.1800003
36.002 , -0.1699982
36.004 , -0.1699982
36.005 , -0.1599998
36.006 , -0.1599998
36.007 , -0.1599998
36.008 , -0.1599998
36.01 , -0.1499977
36.011 , -0.1499977
36.012 , -0.1800003
36.013 , -0.2000008
36.014 , -0.1399994
36.015 , -0.1900024
36.017 , -0.1900024
36.018 , -0.170002
36.019 , -0.1599998
36.02 , -0.1199989
36.021 , -0.1800003
36.023 , -0.170002
36.024 , -0.170002
36.025 , -0.1399994
36.026 , -0.1599998
36.027 , -0.2099991
36.029 , -0.2000008
36.03 , -0.1500015
36.031 , -0.2200012
36.032 , -0.1899986
36.033 , -0.1899986
36.034 , -0.2099991
36.036 , -0.1800003
36.037 , -0.2000008
36.038 , -0.2000008
36.039 , -0.2400017
36.04 , -0.1900024
36.041 , -0.1900024
36.042 , -0.1599998
36.044 , -0.1800003
36.045 , -0.170002
36.046 , -0.2200012
36.047 , -0.1500015
36.048 , -0.2200012
36.049 , -0.1599998
36.051 , -0.2599983
36.052 , -0.2000008
36.053 , -0.2200012
36.054 , -0.2200012
36.055 , -0.2099991
36.057 , -0.2099991
36.058 , -0.2399979
36.059 , -0.2000008
36.06 , -0.1800003
36.061 , -0.2000008
36.063 , -0.2199974
36.064 , -0.2199974
36.065 , -0.1800003
36.066 , -0.2099991
36.067 , -0.2099991
36.069 , -0.170002
36.07 , -0.2000008
36.071 , -0.2400017
36.072 , -0.1899986
36.073 , -0.2299995
36.075 , -0.2200012
36.076 , -0.2400017
36.077 , -0.2400017
36.078 , -0.2200012
36.079 , -0.2299995
36.081 , -0.2099991
36.082 , -0.2200012
36.083 , -0.2000008
36.084 , -0.2200012
36.085 , -0.2000008
36.086 , -0.2099991
36.088 , -0.2099991
36.089 , -0.2000008
36.09 , -0.2700005
36.091 , -0.2700005
36.092 , -0.2599983
36.094 , -0.2599983
36.095 , -0.2599983
36.096 , -0.25
36.097 , -0.25
36.098 , -0.2799988
36.099 , -0.2700005
36.101 , -0.2700005
36.102 , -0.2599983
36.103 , -0.2599983
36.104 , -0.2599983
36.105 , -0.2299995
36.107 , -0.2200012
36.108 , -0.2200012
36.109 , -0.2399979
36.11 , -0.2399979
36.111 , -0.2399979
36.112 , -0.2700005
36.114 , -0.2700005
36.115 , -0.2700005
36.116 , -0.2599983
36.117 , -0.329998
36.118 , -0.2599983
36.119 , -0.3199997
36.121 , -0.2700005
36.122 , -0.2600021
36.123 , -0.2600021
36.124 , -0.3100014
36.125 , -0.2600021
36.126 , -0.2299995
36.128 , -0.25
36.129 , -0.2400017
36.13 , -0.3100014
36.131 , -0.2900009
36.132 , -0.2299995
36.133 , -0.2999992
36.135 , -0.2999992
36.136 , -0.3400002
36.137 , -0.2900009
36.138 , -0.3400002
36.139 , -0.2799988
36.141 , -0.2799988
36.142 , -0.2700005
36.143 , -0.2700005
36.144 , -0.3199997
36.145 , -0.3199997
36.147 , -0.3099976
36.148 , -0.3099976
36.149 , -0.25
36.15 , -0.2999992
36.151 , -0.25
36.152 , -0.2400017
36.154 , -0.2900009
36.155 , -0.3100014
36.156 , -0.2999992
36.157 , -0.3199997
36.158 , -0.2999992
36.16 , -0.2900009
36.161 , -0.2900009
36.162 , -0.2900009
36.163 , -0.2999992
36.164 , -0.2799988
36.166 , -0.2700005
36.167 , -0.2700005
36.168 , -0.2700005
36.169 , -0.2799988
36.17 , -0.2599983
36.172 , -0.2799988
36.173 , -0.2700005
36.174 , -0.2700005
36.175 , -0.25
36.176 , -0.2599983
36.178 , -0.2599983
36.179 , -0.25
36.18 , -0.25
36.181 , -0.25
36.182 , -0.25
36.183 , -0.2400017
36.185 , -0.2400017
36.186 , -0.2799988
36.187 , -0.2299995
36.188 , -0.2299995
36.189 , -0.2000008
36.191 , -0.2200012
36.192 , -0.2000008
36.193 , -0.2099991
36.194 , -0.2599983
36.195 , -0.2099991
36.197 , -0.2000008
36.198 , -0.2000008
36.199 , -0.1699982
36.2 , -0.1499977
36.201 , -0.1499977
36.202 , -0.07999802
36.204 , -0.1399994
36.205 , -0.02000046
36.206 , 0.009998322
36.208 , -0.01000214
36.209 , 0.0
36.21 , 0.0
36.212 , 0.02000046
36.213 , 0.09999847
36.214 , 0.06999969
36.216 , 0.08000183
36.217 , 0.08000183
36.218 , 0.1300011
36.22 , 0.1899986
36.221 , 0.1899986
36.222 , 0.1899986
36.223 , 0.2200012
36.224 , 0.2200012
36.225 , 0.2600021
36.227 , 0.2299995
36.228 , 0.2299995
36.229 , 0.2800026
36.23 , 0.3100014
36.231 , 0.2800026
36.233 , 0.3199997
36.234 , 0.3400002
36.235 , 0.3199997
36.236 , 0.3499985
36.237 , 0.329998
36.239 , 0.329998
36.24 , 0.4099998
36.241 , 0.3600006
36.242 , 0.4099998
36.243 , 0.4199982
36.244 , 0.4199982
36.246 , 0.4300003
36.247 , 0.4300003
36.248 , 0.4500008
36.249 , 0.4500008
36.25 , 0.5099983
36.251 , 0.4599991
36.253 , 0.4500008
36.254 , 0.4700012
36.255 , 0.4700012
36.256 , 0.4799995
36.257 , 0.4799995
36.259 , 0.4799995
36.26 , 0.4900017
36.261 , 0.5400009
36.262 , 0.5400009
36.271 , 0.5200005
36.272 , 0.5200005
36.274 , 0.5299988
36.275 , 0.5299988
36.276 , 0.5400009
36.277 , 0.5400009
36.278 , 0.5400009
36.28 , 0.5499992
36.281 , 0.5999985
36.282 , 0.5499992
36.283 , 0.5600014
36.284 , 0.5600014
36.285 , 0.6100006
36.287 , 0.5699997
36.288 , 0.5699997
36.289 , 0.5699997
36.29 , 0.6299973
36.292 , 0.5599976
36.293 , 0.5699997
36.294 , 0.5200005
36.295 , 0.5699997
36.297 , 0.579998
36.298 , 0.579998
36.299 , 0.579998
36.3 , 0.5400009
36.301 , 0.5900002
36.303 , 0.5499992
36.304 , 0.5999985
36.305 , 0.5999985
36.306 , 0.5600014
36.307 , 0.5600014
36.309 , 0.5400009
36.31 , 0.5200005
36.311 , 0.4799995
36.312 , 0.4599991
36.313 , 0.420002
36.314 , 0.3700027
36.316 , 0.2600021
36.317 , 0.2000008
36.318 , 0.04000092
36.319 , -0.06999969
36.321 , -0.1500015
36.322 , -0.1500015
36.323 , 0.04000092
36.324 , 0.3400002
36.325 , 0.5
36.326 , 0.6100006
36.328 , 0.6199989
36.329 , 0.5699997
36.33 , 0.4700012
36.331 , 0.420002
36.332 , 0.3100014
36.333 , 0.2299995
36.335 , 0.1599998
36.336 , 0.09000015
36.337 , 0.1500015
36.338 , 0.2200012
36.34 , 0.2299995
36.341 , 0.25
36.342 , 0.25
36.343 , 0.1900024
36.344 , 0.170002
36.345 , 0.170002
36.347 , 0.1300011
36.348 , 0.1800003
36.349 , 0.2000008
36.35 , 0.2099991
36.351 , 0.1899986
36.352 , 0.2099991
36.354 , 0.2200012
36.355 , 0.2200012
36.356 , 0.2200012
36.357 , 0.2299995
36.358 , 0.2299995
36.359 , 0.2299995
36.361 , 0.2200012
36.362 , 0.2400017
36.363 , 0.25
36.364 , 0.25
36.365 , 0.2299995
36.366 , 0.1800003
36.368 , 0.1900024
36.369 , 0.1500015
36.37 , 0.2000008
36.371 , 0.1599998
36.372 , 0.1599998
36.374 , 0.1699982
36.375 , 0.1899986
36.376 , 0.1899986
36.377 , 0.2000008
36.378 , 0.2000008
36.38 , 0.2099991
36.381 , 0.1899986
36.382 , 0.2099991
36.383 , 0.2000008
36.384 , 0.2000008
36.385 , 0.1500015
36.387 , 0.2099991
36.388 , 0.2099991
36.389 , 0.2099991
36.39 , 0.2200012
36.391 , 0.2200012
36.393 , 0.1500015
36.394 , 0.1800003
36.395 , 0.1599998
36.396 , 0.1100006
36.397 , 0.170002
36.399 , 0.1200027
36.4 , 0.1800003
36.401 , 0.1800003
36.402 , 0.1300011
36.403 , 0.1300011
36.404 , 0.1399994
36.405 , 0.09999847
36.407 , 0.1100006
36.408 , 0.1500015
36.409 , 0.1100006
36.41 , 0.1199989
36.412 , 0.1199989
36.413 , 0.1199989
36.414 , 0.170002
36.415 , 0.08000183
36.416 , 0.01000214
36.418 , 0.09000015
36.419 , 0.06999969
36.421 , 0.08000183
36.422 , 0.08000183
36.423 , 0.08000183
36.425 , 0.09000015
36.426 , 0.09000015
36.427 , 0.05000305
36.429 , 0.05000305
36.43 , 0.06000137
36.431 , 0.04000092
36.433 , 0.04000092
36.434 , 0.04999924
36.436 , 0.0
36.437 , 0.01000214
36.438 , 0.01000214
36.439 , -0.009998322
36.441 , 0.0
36.442 , 0.0
36.443 , 0.02000046
36.445 , 0.03000259
36.446 , 0.01000214
36.447 , 0.02000046
36.449 , 0.02000046
36.45 , 0.03000259
36.451 , 0.01000214
36.453 , 0.01000214
36.454 , 0.02000046
36.455 , -0.02999878
36.457 , -0.02000046
36.458 , -0.02000046
36.46 , -0.009998322
36.461 , -0.009998322
36.463 , -0.02999878
36.464 , 0.0
36.465 , 0.0
36.466 , -0.02000046
36.468 , -0.009998322
36.469 , 0.01000214
36.471 , 0.0
36.472 , 0.0
36.473 , -0.04999924
36.474 , -0.0399971
36.476 , -0.0399971
36.477 , -0.02999878
36.478 , -0.02999878
36.48 , -0.02999878
36.481 , -0.0399971
36.483 , -0.0399971
36.484 , -0.02999878
36.486 , -0.009998322
36.487 , -0.02000046
36.488 , -0.04000092
36.49 , -0.02000046
36.491 , -0.009998322
36.493 , -0.009998322
36.494 , -0.06999969
36.496 , -0.06999969
36.497 , -0.009998322
36.499 , -0.009998322
36.5 , -0.05999756
36.501 , -0.04999924
36.503 , -0.06999969
36.504 , -0.05999756
36.506 , -0.0399971
36.507 , -0.02999878
36.509 , -0.04999924
36.51 , -0.04999924
36.511 , -0.08999634
36.513 , -0.0399971
36.514 , -0.02999878
36.516 , -0.07999802
36.517 , -0.06999969
36.519 , -0.06999969
36.52 , -0.06999969
36.521 , -0.05999756
36.523 , -0.05999756
36.524 , -0.04999924
36.526 , -0.04999924
36.527 , -0.0399971
36.528 , -0.05999756
36.53 , -0.05999756
36.531 , -0.04999924
36.533 , -0.04999924
36.534 , -0.05999756
36.536 , -0.05999756
36.537 , -0.04999924
36.539 , -0.04999924
36.54 , -0.04999924
36.541 , -0.09000015
36.543 , -0.04000092
36.544 , -0.02999878
36.545 , 0.01000214
36.547 , -0.02000046
36.548 , -0.02000046
36.55 , -0.02000046
36.551 , -0.07999802
36.552 , -0.07999802
36.554 , -0.04999924
36.555 , -0.06999969
36.557 , -0.06999969
36.558 , -0.05999756
36.56 , -0.05999756
36.561 , -0.04999924
36.562 , -0.1000023
36.564 , -0.0399971
36.565 , -0.09000015
36.566 , -0.09000015
36.568 , -0.08000183
36.569 , -0.1500015
36.57 , -0.09999847
36.572 , -0.1400032
36.573 , -0.09000015
36.574 , -0.07999802
36.576 , -0.07999802
36.577 , -0.1300011
36.578 , -0.1200027
36.579 , -0.1399994
36.581 , -0.05999756
36.582 , -0.1100006
36.583 , -0.1100006
36.584 , -0.1000023
36.585 , -0.1199989
36.587 , -0.1199989
36.588 , -0.09000015
36.589 , -0.09000015
36.591 , -0.1199989
36.592 , -0.1199989
36.593 , -0.09999847
36.595 , -0.08999634
36.596 , -0.1099968
36.597 , -0.1099968
36.598 , -0.1500015
36.6 , -0.09999847
36.601 , -0.1400032
36.602 , -0.09000015
36.604 , -0.07999802
36.605 , -0.07999802
36.606 , -0.1300011
36.608 , -0.06999969
36.609 , -0.1399994
36.61 , -0.1399994
36.611 , -0.1299973
36.613 , -0.1299973
36.614 , -0.170002
36.615 , -0.1199989
36.616 , -0.1199989
36.617 , -0.1199989
36.619 , -0.1099968
36.62 , -0.1099968
36.621 , -0.1500015
36.622 , -0.170002
36.623 , -0.1500015
36.625 , -0.1400032
36.626 , -0.1400032
36.627 , -0.1400032
36.628 , -0.07999802
36.629 , -0.1300011
36.631 , -0.1400032
36.632 , -0.1400032
36.633 , -0.1599998
36.634 , -0.1400032
36.635 , -0.2000008
36.637 , -0.1499977
36.638 , -0.1399994
36.639 , -0.1900024
36.64 , -0.1200027
36.641 , -0.1299973
36.643 , -0.1299973
36.644 , -0.1100006
36.645 , -0.1199989
36.646 , -0.1000023
36.647 , -0.170002
36.648 , -0.1599998
36.65 , -0.1599998
36.651 , -0.1500015
36.652 , -0.1500015
36.653 , -0.1699982
36.654 , -0.1699982
36.656 , -0.1599998
36.657 , -0.2100029
36.658 , -0.2000008
36.659 , -0.1499977
36.66 , -0.1499977
36.662 , -0.1900024
36.663 , -0.1399994
36.664 , -0.1900024
36.665 , -0.1800003
36.666 , -0.1800003
36.668 , -0.1900024
36.669 , -0.1900024
36.67 , -0.170002
36.671 , -0.1800003
36.672 , -0.1599998
36.673 , -0.1599998
36.675 , -0.2200012
36.676 , -0.2200012
36.677 , -0.2200012
36.678 , -0.2099991
36.679 , -0.2099991
36.681 , -0.2000008
36.682 , -0.1500015
36.683 , -0.1500015
36.684 , -0.1500015
36.685 , -0.1900024
36.687 , -0.2100029
36.688 , -0.1800003
36.689 , -0.2000008
36.69 , -0.2000008
36.691 , -0.1900024
36.693 , -0.1900024
36.694 , -0.2100029
36.695 , -0.1800003
36.696 , -0.2000008
36.697 , -0.1800003
36.698 , -0.170002
36.7 , -0.170002
36.701 , -0.1800003
36.702 , -0.1800003
36.703 , -0.1599998
36.704 , -0.1800003
36.705 , -0.170002
36.707 , -0.170002
36.708 , -0.2100029
36.709 , -0.1600037
36.71 , -0.2100029
36.711 , -0.2100029
36.713 , -0.2000008
36.714 , -0.2000008
36.715 , -0.2100029
36.716 , -0.2100029
36.717 , -0.1900024
36.718 , -0.2000008
36.72 , -0.2000008
36.721 , -0.2000008
36.722 , -0.1900024
36.723 , -0.1900024
36.724 , -0.1900024
36.725 , -0.1800003
36.727 , -0.1800003
36.728 , -0.2200012
36.729 , -0.170002
36.73 , -0.2200012
36.731 , -0.170002
36.732 , -0.2099991
36.734 , -0.2099991
36.735 , -0.2200012
36.736 , -0.2200012
36.737 , -0.2400017
36.738 , -0.2100029
36.74 , -0.2100029
36.741 , -0.2100029
36.742 , -0.2000008
36.743 , -0.2000008
36.744 , -0.2000008
36.745 , -0.2100029
36.747 , -0.2100029
36.748 , -0.2000008
36.749 , -0.2000008
36.75 , -0.25
36.751 , -0.25
36.752 , -0.1900024
36.753 , -0.2400017
36.755 , -0.2299995
36.756 , -0.25
36.757 , -0.2999992
36.758 , -0.2900009
36.759 , -0.2400017
36.761 , -0.2200012
36.762 , -0.2299995
36.763 , -0.2099991
36.764 , -0.2099991
36.765 , -0.2000008
36.767 , -0.2200012
36.768 , -0.2100029
36.769 , -0.2100029
36.77 , -0.2100029
36.771 , -0.2100029
36.773 , -0.25
36.774 , -0.25
36.775 , -0.1900024
36.776 , -0.2400017
36.777 , -0.1900024
36.778 , -0.25
36.78 , -0.25
36.781 , -0.25
36.782 , -0.2400017
36.783 , -0.2200012
36.784 , -0.2400017
36.785 , -0.2299995
36.787 , -0.2099991
36.788 , -0.2299995
36.789 , -0.2200012
36.79 , -0.2200012
36.791 , -0.2200012
36.792 , -0.2100029
36.794 , -0.2100029
36.795 , -0.2200012
36.796 , -0.2700005
36.797 , -0.2700005
36.798 , -0.2200012
36.8 , -0.2100029
36.801 , -0.2600021
36.802 , -0.1800003
36.803 , -0.2000008
36.804 , -0.25
36.805 , -0.1900024
36.806 , -0.2400017
36.808 , -0.2600021
36.809 , -0.2299995
36.81 , -0.2299995
36.811 , -0.2299995
36.812 , -0.2400017
36.814 , -0.2400017
36.815 , -0.2099991
36.816 , -0.2799988
36.817 , -0.2799988
36.818 , -0.2299995
36.82 , -0.2700005
36.821 , -0.2200012
36.822 , -0.2600021
36.823 , -0.1900024
36.824 , -0.2600021
36.825 , -0.2700005
36.827 , -0.2000008
36.828 , -0.25
36.829 , -0.1900024
36.83 , -0.2600021
36.831 , -0.2600021
36.833 , -0.3199997
36.834 , -0.25
36.835 , -0.2400017
36.836 , -0.2400017
36.837 , -0.3100014
36.838 , -0.3100014
36.84 , -0.2999992
36.841 , -0.2999992
36.842 , -0.2900009
36.843 , -0.2900009
36.844 , -0.2900009
36.846 , -0.2099991
36.847 , -0.2099991
36.848 , -0.2999992
36.849 , -0.2700005
36.85 , -0.2700005
36.851 , -0.2900009
36.853 , -0.2600021
36.854 , -0.3000031
36.855 , -0.2900009
36.856 , -0.2900009
36.857 , -0.25
36.859 , -0.2800026
36.86 , -0.2400017
36.861 , -0.2800026
36.862 , -0.25
36.863 , -0.25
36.864 , -0.25
36.866 , -0.2600021
36.867 , -0.2200012
36.868 , -0.2400017
36.869 , -0.25
36.87 , -0.25
36.871 , -0.2999992
36.873 , -0.2400017
36.874 , -0.2400017
36.875 , -0.2400017
36.876 , -0.2800026
36.877 , -0.2300034
36.878 , -0.2800026
36.88 , -0.2700005
36.881 , -0.2200012
36.882 , -0.2100029
36.883 , -0.2600021
36.884 , -0.1900024
36.886 , -0.2000008
36.887 , -0.2000008
36.888 , -0.2000008
36.889 , -0.170002
36.89 , -0.1500015
36.892 , -0.1800003
36.893 , -0.1399994
36.894 , -0.1399994
36.895 , -0.1399994
36.896 , -0.1300011
36.898 , -0.1300011
36.899 , -0.1199989
36.9 , -0.04999924
36.901 , -0.04999924
36.903 , 0.02999878
36.904 , -0.02000046
36.906 , 0.05999756
36.907 , 0.1099968
36.908 , 0.05999756
36.91 , 0.1199989
36.911 , 0.1399994
36.912 , 0.1299973
36.913 , 0.1299973
36.915 , 0.1299973
36.916 , 0.1599998
36.917 , 0.1599998
36.918 , 0.1599998
36.919 , 0.1899986
36.921 , 0.1899986
36.922 , 0.2000008
36.923 , 0.25
36.924 , 0.2000008
36.925 , 0.25
36.927 , 0.2599983
36.928 , 0.2599983
36.929 , 0.2900009
36.93 , 0.2900009
36.931 , 0.2900009
36.932 , 0.2999992
36.934 , 0.3499985
36.935 , 0.3499985
36.936 , 0.3099976
36.937 , 0.3599968
36.939 , 0.3699989
36.94 , 0.4099998
36.941 , 0.3899994
36.942 , 0.4099998
36.943 , 0.3999977
36.945 , 0.4199982
36.946 , 0.4300003
36.947 , 0.4300003
36.948 , 0.4300003
36.949 , 0.4899979
36.951 , 0.4899979
36.952 , 0.4899979
36.953 , 0.4500008
36.954 , 0.4500008
36.955 , 0.4500008
36.957 , 0.4599991
36.958 , 0.4399986
36.959 , 0.5199966
36.96 , 0.4699974
36.961 , 0.4699974
36.963 , 0.5299988
36.964 , 0.5299988
36.973 , 0.5099983
36.974 , 0.5099983
36.975 , 0.4899979
36.977 , 0.5
36.978 , 0.5
36.979 , 0.4899979
36.98 , 0.5299988
36.981 , 0.5099983
36.983 , 0.5200005
36.984 , 0.5200005
36.985 , 0.5200005
36.986 , 0.5299988
36.987 , 0.5299988
36.988 , 0.5299988
36.99 , 0.5199966
36.991 , 0.4699974
36.992 , 0.4699974
36.993 , 0.5299988
36.995 , 0.4799995
36.996 , 0.4899979
36.997 , 0.4699974
36.998 , 0.4699974
36.999 , 0.4799995
37.001 , 0.4799995
37.002 , 0.4300003
37.003 , 0.4199982
37.004 , 0.4199982
37.005 , 0.3499985
37.007 , 0.3600006
37.008 , 0.2000008
37.009 , 0.1199989
37.01 , 0.009998322
37.012 , -0.1300011
37.013 , -0.1399994
37.014 , -0.1199989
37.015 , 0.02000046
37.017 , 0.2299995
37.018 , 0.4799995
37.019 , 0.6099968
37.02 , 0.5399971
37.021 , 0.4899979
37.023 , 0.4599991
37.024 , 0.3199997
37.025 , 0.2299995
37.026 , 0.2199974
37.027 , 0.1499977
37.029 , 0.1499977
37.03 , 0.1800003
37.031 , 0.1800003
37.032 , 0.2299995
37.033 , 0.2399979
37.035 , 0.1899986
37.036 , 0.1800003
37.037 , 0.1100006
37.038 , 0.1300011
37.039 , 0.1300011
37.04 , 0.1199989
37.041 , 0.1399994
37.043 , 0.1499977
37.044 , 0.1999969
37.045 , 0.2199974
37.046 , 0.2299995
37.048 , 0.2299995
37.049 , 0.2099991
37.05 , 0.2399979
37.051 , 0.2199974
37.052 , 0.2399979
37.054 , 0.1800003
37.055 , 0.1800003
37.056 , 0.1899986
37.057 , 0.1699982
37.058 , 0.1499977
37.06 , 0.1599998
37.061 , 0.1599998
37.062 , 0.1599998
37.063 , 0.1699982
37.064 , 0.1699982
37.066 , 0.1800003
37.067 , 0.2000008
37.068 , 0.1800003
37.069 , 0.1800003
37.07 , 0.2099991
37.071 , 0.1399994
37.073 , 0.1999969
37.074 , 0.1499977
37.075 , 0.1999969
37.076 , 0.1599998
37.077 , 0.1399994
37.079 , 0.1399994
37.08 , 0.1499977
37.081 , 0.09999847
37.082 , 0.1699982
37.084 , 0.1800003
37.085 , 0.1800003
37.086 , 0.1899986
37.087 , 0.1699982
37.088 , 0.1899986
37.09 , 0.1800003
37.091 , 0.1800003
37.092 , 0.1300011
37.093 , 0.1199989
37.094 , 0.1399994
37.095 , 0.1199989
37.097 , 0.1500015
37.098 , 0.1300011
37.099 , 0.1300011
37.1 , 0.1199989
37.101 , 0.1199989
37.103 , 0.1299973
37.104 , 0.1499977
37.105 , 0.1299973
37.106 , 0.1499977
37.107 , 0.1399994
37.109 , 0.09000015
37.11 , 0.09999847
37.111 , 0.07999802
37.113 , 0.09000015
37.114 , 0.09000015
37.115 , 0.1100006
37.117 , 0.09999847
37.118 , 0.09999847
37.119 , 0.04999924
37.121 , 0.04000092
37.122 , 0.04000092
37.124 , 0.06999969
37.125 , 0.04999924
37.126 , 0.0
37.127 , 0.009998322
37.129 , 0.009998322
37.13 , 0.02000046
37.132 , -0.02000046
37.133 , 0.009998322
37.135 , 0.009998322
37.136 , 0.009998322
37.138 , 0.02000046
37.139 , 0.0
37.14 , 0.009998322
37.142 , 0.02999878
37.143 , 0.02000046
37.144 , 0.02000046
37.146 , 0.02000046
37.147 , 0.02999878
37.149 , -0.02000046
37.15 , -0.009998322
37.151 , -0.02999878
37.153 , -0.02000046
37.154 , -0.02000046
37.156 , -0.06999969
37.157 , -0.01000214
37.158 , -0.06000137
37.16 , -0.04999924
37.161 , 0.02000046
37.163 , -0.04000092
37.164 , -0.04000092
37.165 , 0.009998322
37.167 , -0.02999878
37.168 , -0.04999924
37.17 , -0.02000046
37.171 , 0.02999878
37.172 , -0.06000137
37.174 , -0.04999924
37.175 , -0.02999878
37.177 , -0.04000092
37.178 , -0.04000092
37.179 , -0.04000092
37.181 , -0.02999878
37.182 , -0.02999878
37.184 , 0.0
37.185 , -0.06999969
37.186 , -0.02000046
37.188 , -0.06000137
37.189 , -0.06000137
37.19 , 0.0
37.192 , -0.04999924
37.193 , -0.04999924
37.194 , -0.06000137
37.196 , -0.04000092
37.197 , -0.02999878
37.199 , -0.04999924
37.2 , -0.04000092
37.201 , -0.04000092
37.203 , -0.04000092
37.204 , -0.009998322
37.206 , -0.02999878
37.207 , -0.02000046
37.208 , 0.0
37.21 , -0.01000214
37.211 , -0.08000183
37.212 , -0.06000137
37.214 , -0.04999924
37.215 , -0.04999924
37.216 , -0.04999924
37.218 , -0.04000092
37.219 , -0.06000137
37.221 , -0.02999878
37.222 , -0.04999924
37.223 , -0.04999924
37.225 , -0.02000046
37.226 , -0.02000046
37.228 , -0.009998322
37.229 , -0.009998322
37.23 , -0.02000046
37.232 , -0.02000046
37.233 , -0.02000046
37.235 , -0.009998322
37.236 , -0.05999756
37.237 , -0.04999924
37.239 , -0.04999924
37.24 , -0.06000137
37.242 , -0.04000092
37.243 , -0.04000092
37.244 , -0.02999878
37.246 , -0.02999878
37.247 , -0.02000046
37.249 , -0.02000046
37.25 , -0.02999878
37.251 , -0.02999878
37.253 , -0.02999878
37.254 , 0.0
37.255 , -0.02000046
37.257 , -0.02999878
37.258 , -0.02999878
37.26 , -0.07999802
37.261 , -0.06999969
37.262 , 0.0
37.264 , -0.009998322
37.265 , -0.05999756
37.267 , 0.02000046
37.268 , -0.06999969
37.269 , 0.0
37.27 , -0.06999969
37.272 , -0.06000137
37.273 , -0.06000137
37.275 , -0.09999847
37.276 , -0.09999847
37.277 , -0.09000015
37.279 , -0.09000015
37.28 , -0.1100006
37.281 , -0.09999847
37.283 , -0.07999802
37.284 , -0.06999969
37.286 , -0.06999969
37.287 , -0.009998322
37.289 , -0.07999802
37.29 , -0.07999802
37.291 , -0.06999969
37.293 , -0.1399994
37.294 , -0.08000183
37.295 , -0.08000183
37.297 , -0.1199989
37.298 , -0.06999969
37.3 , -0.06999969
37.301 , -0.06000137
37.302 , -0.1300011
37.304 , -0.04999924
37.305 , -0.09999847
37.306 , -0.09999847
37.308 , -0.09000015
37.309 , -0.09000015
37.311 , -0.09999847
37.312 , -0.1499977
37.313 , -0.09999847
37.315 , -0.1399994
37.316 , -0.1399994
37.317 , -0.1299973
37.318 , -0.07999802
37.32 , -0.1299973
37.321 , -0.1199989
37.322 , -0.1199989
37.323 , -0.1199989
37.325 , -0.1100006
37.326 , -0.1100006
37.327 , -0.1199989
37.328 , -0.1199989
37.329 , -0.1399994
37.33 , -0.1199989
37.332 , -0.1300011
37.333 , -0.1300011
37.334 , -0.1199989
37.335 , -0.1199989
37.336 , -0.1199989
37.338 , -0.1100006
37.339 , -0.1100006
37.34 , -0.1599998
37.341 , -0.09999847
37.342 , -0.09999847
37.344 , -0.09000015
37.345 , -0.09000015
37.347 , -0.1599998
37.348 , -0.1499977
37.349 , -0.1299973
37.35 , -0.1499977
37.352 , -0.1399994
37.353 , -0.1899986
37.354 , -0.1800003
37.355 , -0.1300011
37.356 , -0.1800003
37.357 , -0.1800003
37.359 , -0.1699982
37.36 , -0.1699982
37.361 , -0.1599998
37.362 , -0.1100006
37.363 , -0.1599998
37.365 , -0.1499977
37.366 , -0.1499977
37.367 , -0.1499977
37.368 , -0.1399994
37.369 , -0.1599998
37.371 , -0.07999802
37.372 , -0.1499977
37.373 , -0.1499977
37.374 , -0.1899986
37.376 , -0.1899986
37.377 , -0.2099991
37.378 , -0.1800003
37.379 , -0.1800003
37.381 , -0.1699982
37.382 , -0.1699982
37.383 , -0.1899986
37.384 , -0.1599998
37.385 , -0.1800003
37.387 , -0.1800003
37.388 , -0.1699982
37.389 , -0.1699982
37.39 , -0.1699982
37.391 , -0.1800003
37.393 , -0.1599998
37.394 , -0.1699982
37.395 , -0.1699982
37.396 , -0.1499977
37.397 , -0.1699982
37.399 , -0.1599998
37.4 , -0.2099991
37.401 , -0.1999969
37.402 , -0.1999969
37.404 , -0.1399994
37.405 , -0.1899986
37.406 , -0.2099991
37.407 , -0.1899986
37.408 , -0.1800003
37.41 , -0.1800003
37.411 , -0.1699982
37.412 , -0.2599983
37.413 , -0.2399979
37.414 , -0.1899986
37.416 , -0.2299995
37.417 , -0.2299995
37.418 , -0.1699982
37.419 , -0.1699982
37.42 , -0.1699982
37.422 , -0.1599998
37.423 , -0.1599998
37.424 , -0.2299995
37.425 , -0.1499977
37.427 , -0.1999969
37.428 , -0.2099991
37.429 , -0.1399994
37.43 , -0.2099991
37.431 , -0.1999969
37.433 , -0.1799965
37.434 , -0.1999969
37.435 , -0.2099991
37.436 , -0.2599983
37.438 , -0.2000008
37.439 , -0.2000008
37.44 , -0.25
37.441 , -0.1699982
37.442 , -0.1699982
37.443 , -0.1899986
37.445 , -0.1800003
37.446 , -0.1800003
37.447 , -0.1800003
37.448 , -0.1699982
37.449 , -0.2199974
37.451 , -0.2099991
37.452 , -0.2099991
37.453 , -0.2099991
37.454 , -0.2099991
37.455 , -0.2199974
37.457 , -0.2699966
37.458 , -0.2799988
37.459 , -0.2099991
37.46 , -0.2099991
37.462 , -0.2000008
37.463 , -0.2000008
37.464 , -0.2000008
37.465 , -0.1899986
37.466 , -0.1899986
37.467 , -0.2399979
37.469 , -0.1800003
37.47 , -0.1800003
37.471 , -0.2199974
37.472 , -0.2199974
37.473 , -0.2399979
37.475 , -0.2099991
37.476 , -0.2099991
37.477 , -0.2299995
37.478 , -0.2199974
37.479 , -0.1999969
37.481 , -0.1899986
37.482 , -0.2600021
37.483 , -0.2099991
37.484 , -0.1899986
37.485 , -0.1999969
37.487 , -0.1999969
37.488 , -0.2400017
37.489 , -0.1899986
37.49 , -0.2400017
37.491 , -0.2400017
37.493 , -0.2300034
37.494 , -0.2300034
37.495 , -0.2200012
37.496 , -0.2200012
37.497 , -0.2399979
37.499 , -0.2299995
37.5 , -0.2299995
37.501 , -0.2299995
37.502 , -0.2199974
37.503 , -0.2199974
37.505 , -0.1900024
37.506 , -0.2099991
37.507 , -0.1900024
37.508 , -0.1800003
37.509 , -0.1800003
37.51 , -0.2199974
37.512 , -0.2099991
37.513 , -0.2099991
37.514 , -0.1899986
37.515 , -0.25
37.516 , -0.25
37.518 , -0.2400017
37.519 , -0.2400017
37.52 , -0.2599983
37.521 , -0.2599983
37.522 , -0.2300034
37.524 , -0.2300034
37.525 , -0.1699982
37.526 , -0.2200012
37.527 , -0.2200012
37.528 , -0.2100029
37.529 , -0.2299995
37.531 , -0.2299995
37.532 , -0.2199974
37.533 , -0.2700005
37.534 , -0.3099976
37.535 , -0.2799988
37.537 , -0.2600021
37.538 , -0.25
37.539 , -0.25
37.54 , -0.2699966
37.541 , -0.2699966
37.542 , -0.2599983
37.544 , -0.2599983
37.545 , -0.25
37.546 , -0.2300034
37.547 , -0.2700005
37.548 , -0.3100014
37.55 , -0.3100014
37.551 , -0.2399979
37.552 , -0.3000031
37.553 , -0.3000031
37.554 , -0.25
37.555 , -0.2900009
37.557 , -0.2900009
37.558 , -0.2800026
37.559 , -0.2299995
37.56 , -0.2299995
37.561 , -0.2800026
37.563 , -0.2700005
37.564 , -0.2199974
37.565 , -0.2600021
37.566 , -0.2600021
37.567 , -0.2600021
37.568 , -0.2699966
37.57 , -0.25
37.571 , -0.2699966
37.572 , -0.2400017
37.573 , -0.2400017
37.574 , -0.2400017
37.576 , -0.25
37.577 , -0.2300034
37.578 , -0.2300034
37.579 , -0.2399979
37.58 , -0.2399979
37.582 , -0.2100029
37.583 , -0.2100029
37.584 , -0.2100029
37.585 , -0.2000008
37.586 , -0.1499977
37.588 , -0.1299973
37.589 , -0.1900024
37.59 , -0.1199989
37.591 , -0.1199989
37.592 , -0.1099968
37.594 , -0.1800003
37.595 , -0.08000183
37.596 , -0.09999847
37.597 , -0.09999847
37.599 , -0.08999634
37.6 , -0.01999664
37.602 , -0.009998322
37.603 , 0.009998322
37.605 , 0.06999969
37.606 , 0.06999969
37.608 , 0.01999664
37.609 , 0.08000183
37.61 , 0.1000023
37.612 , 0.1100006
37.613 , 0.1100006
37.614 , 0.1100006
37.615 , 0.1200027
37.616 , 0.1200027
37.617 , 0.1399994
37.618 , 0.1200027
37.62 , 0.1499977
37.621 , 0.2000008
37.622 , 0.2100029
37.623 , 0.2300034
37.624 , 0.2300034
37.625 , 0.2200012
37.627 , 0.2400017
37.628 , 0.2200012
37.629 , 0.2999992
37.63 , 0.2999992
37.631 , 0.3199997
37.633 , 0.2600021
37.634 , 0.3100014
37.635 , 0.3400002
37.636 , 0.3400002
37.637 , 0.3400002
37.638 , 0.3899994
37.64 , 0.4000015
37.641 , 0.3500023
37.642 , 0.4300003
37.643 , 0.4099998
37.644 , 0.4300003
37.645 , 0.4400024
37.647 , 0.420002
37.648 , 0.420002
37.649 , 0.4500008
37.65 , 0.4500008
37.651 , 0.4500008
37.653 , 0.4400024
37.654 , 0.4400024
37.655 , 0.4400024
37.656 , 0.4500008
37.657 , 0.4500008
37.658 , 0.4700012
37.66 , 0.4099998
37.661 , 0.4799995
37.662 , 0.4900017
37.663 , 0.4900017
37.664 , 0.4900017
37.666 , 0.4799995
37.667 , 0.5
37.668 , 0.4799995
37.669 , 0.4400024
37.671 , 0.4400024
37.672 , 0.5
37.673 , 0.5
37.674 , 0.4500008
37.675 , 0.4300003
37.684 , 0.4600029
37.685 , 0.4600029
37.687 , 0.4700012
37.688 , 0.420002
37.689 , 0.4799995
37.69 , 0.4300003
37.691 , 0.4099998
37.693 , 0.420002
37.694 , 0.3699989
37.695 , 0.3699989
37.696 , 0.3600006
37.697 , 0.3600006
37.699 , 0.3700027
37.7 , 0.3500023
37.701 , 0.2800026
37.702 , 0.2399979
37.703 , 0.1499977
37.704 , 0.07999802
37.706 , -0.01999664
37.707 , -0.09000015
37.709 , -0.1199989
37.71 , -0.009998322
37.711 , 0.1699982
37.713 , 0.3199997
37.714 , 0.4099998
37.715 , 0.4099998
37.716 , 0.4000015
37.717 , 0.2799988
37.719 , 0.25
37.72 , 0.1800003
37.721 , 0.1800003
37.722 , 0.1399994
37.723 , 0.1199989
37.724 , 0.1199989
37.726 , 0.1499977
37.727 , 0.1499977
37.728 , 0.1499977
37.729 , 0.1399994
37.73 , 0.1399994
37.732 , 0.1200027
37.733 , 0.1499977
37.734 , 0.1300011
37.735 , 0.1300011
37.736 , 0.1599998
37.737 , 0.1800003
37.739 , 0.2400017
37.74 , 0.1899986
37.741 , 0.1899986
37.742 , 0.1899986
37.743 , 0.1799965
37.745 , 0.1599998
37.746 , 0.170002
37.747 , 0.1899986
37.748 , 0.170002
37.749 , 0.1800003
37.751 , 0.1800003
37.752 , 0.1800003
37.753 , 0.1200027
37.754 , 0.06999969
37.755 , 0.1200027
37.757 , 0.1300011
37.758 , 0.1300011
37.759 , 0.1400032
37.76 , 0.1599998
37.761 , 0.1400032
37.763 , 0.1500015
37.764 , 0.1500015
37.765 , 0.1699982
37.766 , 0.1100006
37.767 , 0.1600037
37.768 , 0.1600037
37.77 , 0.1199989
37.771 , 0.1199989
37.772 , 0.1199989
37.773 , 0.1099968
37.775 , 0.1099968
37.776 , 0.08000183
37.777 , 0.1199989
37.778 , 0.1199989
37.78 , 0.1299973
37.781 , 0.1299973
37.782 , 0.1299973
37.783 , 0.1399994
37.784 , 0.1000023
37.786 , 0.1499977
37.787 , 0.1100006
37.788 , 0.1100006
37.789 , 0.1200027
37.79 , 0.1599998
37.791 , 0.09000015
37.793 , 0.09999847
37.794 , 0.09999847
37.796 , 0.1099968
37.797 , 0.1099968
37.798 , 0.08999634
37.8 , 0.09999847
37.801 , 0.04999924
37.802 , 0.09999847
37.804 , 0.1099968
37.805 , 0.1099968
37.806 , 0.1199989
37.808 , 0.1199989
37.809 , 0.04999924
37.81 , 0.07999802
37.812 , 0.05999756
37.813 , 0.03000259
37.814 , 0.03000259
37.816 , 0.04000092
37.817 , 0.009998322
37.819 , 0.009998322
37.82 , 0.05000305
37.821 , 0.05000305
37.823 , 0.06000137
37.824 , 0.02999878
37.826 , 0.06999969
37.827 , 0.06999969
37.828 , 0.0399971
37.83 , 0.02999878
37.831 , 0.02999878
37.833 , 0.0399971
37.834 , -0.01000214
37.835 , -0.01000214
37.837 , 0.0
37.838 , -0.02000046
37.839 , -0.02000046
37.841 , 0.009998322
37.842 , 0.009998322
37.844 , 0.0
37.845 , 0.06999969
37.846 , 0.02999878
37.848 , 0.009998322
37.849 , 0.009998322
37.851 , 0.02000046
37.852 , -0.01999664
37.853 , -0.009998322
37.855 , -0.04000092
37.856 , -0.03000259
37.858 , 0.0
37.859 , 0.0
37.86 , -0.02000046
37.861 , -0.02000046
37.863 , -0.03000259
37.864 , -0.01000214
37.865 , -0.03000259
37.867 , 0.03000259
37.868 , 0.0
37.869 , 0.0
37.87 , -0.01000214
37.872 , 0.009998322
37.873 , 0.0
37.875 , 0.0
37.876 , -0.04000092
37.877 , -0.04000092
37.878 , -0.04000092
37.88 , 0.01999664
37.881 , -0.03000259
37.883 , -0.02000046
37.884 , -0.02000046
37.885 , -0.02000046
37.887 , 0.0399971
37.888 , -0.01000214
37.89 , -0.02000046
37.891 , -0.02000046
37.892 , -0.02000046
37.894 , -0.06000137
37.895 , -0.06000137
37.896 , -0.06000137
37.898 , -0.04999924
37.899 , -0.04999924
37.901 , -0.04000092
37.902 , 0.009998322
37.904 , -0.02999878
37.905 , -0.02999878
37.907 , -0.02000046
37.908 , -0.02000046
37.909 , -0.04000092
37.911 , -0.03000259
37.912 , -0.03000259
37.913 , -0.02000046
37.915 , -0.02000046
37.916 , -0.06000137
37.918 , -0.08000183
37.919 , -0.05000305
37.92 , -0.04000092
37.922 , -0.04000092
37.923 , 0.009998322
37.925 , 0.009998322
37.926 , -0.03000259
37.927 , -0.02000046
37.929 , -0.02000046
37.93 , -0.04000092
37.932 , -0.04000092
37.933 , -0.04999924
37.934 , -0.02999878
37.936 , -0.02999878
37.937 , -0.04000092
37.939 , -0.04000092
37.94 , -0.01000214
37.941 , -0.03000259
37.943 , -0.02000046
37.944 , -0.02000046
37.946 , -0.06999969
37.947 , 0.009998322
37.948 , -0.06000137
37.95 , -0.04999924
37.951 , -0.04999924
37.953 , -0.1000023
37.954 , -0.1000023
37.955 , -0.1000023
37.956 , -0.1300011
37.957 , -0.1199989
37.959 , -0.09000015
37.96 , -0.08000183
37.961 , -0.1100006
37.963 , -0.04000092
37.964 , -0.07000351
37.965 , -0.1000023
37.966 , -0.07000351
37.968 , -0.06000137
37.969 , -0.09000015
37.971 , -0.05000305
37.972 , -0.08000183
37.973 , -0.1000023
37.974 , -0.09000015
37.976 , -0.09000015
37.977 , -0.1300011
37.978 , -0.1300011
37.98 , -0.1199989
37.981 , -0.06999969
37.982 , -0.1199989
37.984 , -0.06000137
37.985 , -0.04000092
37.986 , -0.06000137
37.988 , -0.04999924
37.989 , -0.09999847
37.991 , -0.1100006
37.992 , -0.09000015
37.993 , -0.09000015
37.994 , -0.1000023
37.996 , -0.1400032
37.997 , -0.1300011
37.998 , -0.1300011
37.999 , -0.1300011
38.0 , -0.1200027
38.001 , -0.1200027
38.003 , -0.1200027
38.004 , -0.1100006
38.005 , -0.1399994
38.006 , -0.1100006
38.007 , -0.06000137
38.009 , -0.1300011
38.01 , -0.1199989
38.011 , -0.04999924
38.012 , -0.09000015
38.014 , -0.1500015
38.015 , -0.1100006
38.016 , -0.1500015
38.017 , -0.09999847
38.019 , -0.1399994
38.02 , -0.1300011
38.021 , -0.1300011
38.022 , -0.1300011
38.023 , -0.1300011
38.025 , -0.1200027
38.026 , -0.1200027
38.027 , -0.1399994
38.028 , -0.1399994
38.029 , -0.1399994
38.031 , -0.1500015
38.032 , -0.1500015
38.033 , -0.1300011
38.034 , -0.1199989
38.035 , -0.1399994
38.036 , -0.1399994
38.038 , -0.1300011
38.039 , -0.1300011
38.04 , -0.170002
38.041 , -0.1599998
38.042 , -0.1599998
38.044 , -0.1500015
38.045 , -0.1100006
38.046 , -0.1100006
38.047 , -0.1000023
38.048 , -0.1400032
38.049 , -0.2100029
38.051 , -0.1599998
38.052 , -0.2000008
38.053 , -0.1599998
38.054 , -0.2400017
38.055 , -0.2400017
38.056 , -0.2400017
38.058 , -0.1800003
38.059 , -0.2299995
38.06 , -0.2299995
38.061 , -0.170002
38.062 , -0.2200012
38.064 , -0.25
38.065 , -0.25
38.066 , -0.2099991
38.067 , -0.2000008
38.068 , -0.2400017
38.069 , -0.2000008
38.071 , -0.2299995
38.072 , -0.2299995
38.073 , -0.2599983
38.074 , -0.25
38.075 , -0.25
38.076 , -0.25
38.078 , -0.2400017
38.079 , -0.2400017
38.08 , -0.2100029
38.081 , -0.2000008
38.082 , -0.2299995
38.084 , -0.2200012
38.085 , -0.1900024
38.086 , -0.1900024
38.087 , -0.1800003
38.088 , -0.2099991
38.089 , -0.2099991
38.091 , -0.2400017
38.092 , -0.2000008
38.093 , -0.2400017
38.094 , -0.2599983
38.095 , -0.2599983
38.097 , -0.2200012
38.098 , -0.25
38.099 , -0.2200012
38.1 , -0.2200012
38.101 , -0.2099991
38.103 , -0.2399979
38.104 , -0.2000008
38.105 , -0.2299995
38.106 , -0.2299995
38.107 , -0.2200012
38.109 , -0.2400017
38.11 , -0.2400017
38.111 , -0.2299995
38.112 , -0.2299995
38.113 , -0.2299995
38.114 , -0.2200012
38.116 , -0.2200012
38.117 , -0.2099991
38.118 , -0.25
38.119 , -0.25
38.12 , -0.2099991
38.121 , -0.2000008
38.123 , -0.2400017
38.124 , -0.1899986
38.125 , -0.1899986
38.126 , -0.2299995
38.127 , -0.1899986
38.129 , -0.2200012
38.13 , -0.2200012
38.131 , -0.2100029
38.132 , -0.2400017
38.133 , -0.2100029
38.135 , -0.2299995
38.136 , -0.2299995
38.137 , -0.2299995
38.138 , -0.2600021
38.139 , -0.2600021
38.14 , -0.2900009
38.142 , -0.2099991
38.143 , -0.25
38.144 , -0.2400017
38.145 , -0.2400017
38.146 , -0.2400017
38.148 , -0.1899986
38.149 , -0.2299995
38.15 , -0.2299995
38.151 , -0.2900009
38.152 , -0.1800003
38.153 , -0.2200012
38.155 , -0.2099991
38.156 , -0.2399979
38.157 , -0.2399979
38.158 , -0.2299995
38.16 , -0.2299995
38.161 , -0.2200012
38.162 , -0.2200012
38.163 , -0.2200012
38.164 , -0.2099991
38.166 , -0.2099991
38.167 , -0.2099991
38.168 , -0.2400017
38.169 , -0.2400017
38.17 , -0.2000008
38.172 , -0.2299995
38.173 , -0.2299995
38.174 , -0.2200012
38.175 , -0.2200012
38.176 , -0.25
38.177 , -0.25
38.179 , -0.2099991
38.18 , -0.2399979
38.181 , -0.2000008
38.182 , -0.2299995
38.183 , -0.2000008
38.185 , -0.2199974
38.186 , -0.2199974
38.187 , -0.1899986
38.188 , -0.2099991
38.189 , -0.2099991
38.191 , -0.2000008
38.192 , -0.2200012
38.193 , -0.2600021
38.194 , -0.2099991
38.195 , -0.25
38.197 , -0.2099991
38.198 , -0.2000008
38.199 , -0.2000008
38.2 , -0.2000008
38.201 , -0.2299995
38.202 , -0.1899986
38.204 , -0.1899986
38.205 , -0.25
38.206 , -0.2200012
38.207 , -0.2200012
38.208 , -0.1699982
38.209 , -0.1699982
38.211 , -0.1599998
38.212 , -0.2000008
38.213 , -0.2000008
38.214 , -0.2299995
38.215 , -0.2200012
38.217 , -0.2600021
38.218 , -0.2099991
38.219 , -0.2099991
38.22 , -0.2099991
38.221 , -0.2000008
38.222 , -0.2400017
38.224 , -0.2000008
38.225 , -0.1899986
38.226 , -0.1899986
38.227 , -0.1899986
38.228 , -0.2200012
38.23 , -0.1800003
38.231 , -0.2399979
38.232 , -0.2399979
38.233 , -0.2399979
38.234 , -0.2399979
38.236 , -0.2299995
38.237 , -0.2299995
38.238 , -0.2199974
38.239 , -0.2399979
38.241 , -0.1800003
38.242 , -0.2099991
38.243 , -0.1800003
38.244 , -0.2299995
38.245 , -0.2200012
38.246 , -0.2200012
38.248 , -0.1899986
38.249 , -0.1899986
38.25 , -0.2099991
38.251 , -0.1800003
38.252 , -0.2700005
38.254 , -0.2000008
38.255 , -0.2599983
38.256 , -0.2999992
38.257 , -0.2999992
38.258 , -0.2900009
38.259 , -0.2900009
38.261 , -0.3099976
38.262 , -0.2799988
38.263 , -0.2399979
38.264 , -0.2399979
38.266 , -0.2000008
38.267 , -0.2700005
38.268 , -0.2599983
38.269 , -0.2899971
38.27 , -0.2899971
38.271 , -0.25
38.273 , -0.2799988
38.274 , -0.2799988
38.275 , -0.2700005
38.276 , -0.2700005
38.277 , -0.2700005
38.279 , -0.2599983
38.28 , -0.2599983
38.281 , -0.2599983
38.282 , -0.25
38.283 , -0.2200012
38.285 , -0.2399979
38.286 , -0.2399979
38.287 , -0.2399979
38.288 , -0.2299995
38.289 , -0.2299995
38.291 , -0.2299995
38.292 , -0.2399979
38.293 , -0.1899986
38.294 , -0.2199974
38.296 , -0.1800003
38.297 , -0.1800003
38.298 , -0.2000008
38.299 , -0.170002
38.3 , -0.1300011
38.301 , -0.170002
38.303 , -0.1599998
38.304 , -0.09000015
38.305 , -0.1100006
38.306 , -0.08000183
38.308 , -0.02999878
38.309 , -0.06999969
38.311 , -0.06999969
38.312 , -0.06000137
38.313 , 0.02999878
38.315 , -0.009998322
38.316 , 0.01000214
38.318 , 0.02000046
38.319 , 0.04999924
38.32 , 0.09000015
38.322 , 0.1300011
38.323 , 0.1000023
38.324 , 0.1000023
38.325 , 0.1100006
38.326 , 0.1399994
38.327 , 0.1100006
38.329 , 0.1499977
38.33 , 0.1499977
38.331 , 0.1499977
38.332 , 0.1599998
38.333 , 0.1599998
38.335 , 0.1699982
38.336 , 0.2099991
38.337 , 0.2299995
38.338 , 0.2400017
38.339 , 0.2200012
38.341 , 0.2400017
38.342 , 0.25
38.343 , 0.2799988
38.344 , 0.25
38.345 , 0.2900009
38.346 , 0.2900009
38.348 , 0.3400002
38.349 , 0.3400002
38.35 , 0.3400002
38.351 , 0.3400002
38.352 , 0.3100014
38.353 , 0.3500023
38.355 , 0.3199997
38.356 , 0.3600006
38.357 , 0.3600006
38.358 , 0.3899994
38.359 , 0.3699989
38.361 , 0.3699989
38.362 , 0.4099998
38.363 , 0.4500008
38.364 , 0.4500008
38.365 , 0.3899994
38.367 , 0.4199982
38.368 , 0.4599991
38.369 , 0.4000015
38.37 , 0.4300003
38.371 , 0.4000015
38.373 , 0.4099998
38.374 , 0.4399986
38.375 , 0.420002
38.376 , 0.420002
38.377 , 0.420002
38.379 , 0.4300003
38.38 , 0.4300003
38.381 , 0.4300003
38.39 , 0.4199982
38.391 , 0.3899994
38.392 , 0.4000015
38.393 , 0.4000015
38.395 , 0.4099998
38.396 , 0.3899994
38.397 , 0.4099998
38.398 , 0.3899994
38.4 , 0.420002
38.401 , 0.4000015
38.402 , 0.4099998
38.403 , 0.3699989
38.404 , 0.4099998
38.405 , 0.420002
38.407 , 0.420002
38.408 , 0.3800011
38.409 , 0.3899994
38.41 , 0.3899994
38.411 , 0.3899994
38.413 , 0.3999977
38.414 , 0.3699989
38.415 , 0.3800011
38.416 , 0.3800011
38.417 , 0.3100014
38.418 , 0.3400002
38.42 , 0.3199997
38.421 , 0.2999992
38.422 , 0.2700005
38.423 , 0.170002
38.424 , 0.1500015
38.426 , 0.1599998
38.427 , 0.02000046
38.428 , -0.06999969
38.43 , -0.05999756
38.431 , 0.03000259
38.432 , 0.1399994
38.434 , 0.2299995
38.435 , 0.3400002
38.436 , 0.3100014
38.437 , 0.2800026
38.438 , 0.1900024
38.44 , 0.1599998
38.441 , 0.1300011
38.442 , 0.1699982
38.443 , 0.2099991
38.444 , 0.1699982
38.446 , 0.2200012
38.447 , 0.1500015
38.448 , 0.08000183
38.449 , 0.09000015
38.451 , 0.09000015
38.452 , 0.1000023
38.453 , 0.1300011
38.454 , 0.170002
38.456 , 0.1800003
38.457 , 0.1399994
38.458 , 0.1800003
38.459 , 0.1900024
38.46 , 0.1500015
38.461 , 0.1500015
38.463 , 0.1599998
38.464 , 0.2000008
38.465 , 0.1599998
38.466 , 0.1699982
38.467 , 0.1699982
38.469 , 0.1500015
38.47 , 0.1100006
38.471 , 0.1100006
38.472 , 0.1199989
38.473 , 0.1199989
38.474 , 0.06999969
38.476 , 0.1100006
38.477 , 0.1300011
38.478 , 0.1300011
38.479 , 0.1399994
38.48 , 0.1399994
38.482 , 0.1300011
38.483 , 0.1500015
38.484 , 0.1300011
38.485 , 0.1500015
38.486 , 0.1399994
38.487 , 0.1399994
38.489 , 0.1500015
38.49 , 0.1200027
38.491 , 0.1200027
38.492 , 0.09000015
38.494 , 0.09000015
38.495 , 0.09000015
38.496 , 0.02999878
38.498 , 0.09999847
38.499 , 0.1100006
38.5 , 0.08000183
38.502 , 0.1199989
38.503 , 0.09000015
38.504 , 0.1199989
38.506 , 0.06000137
38.507 , 0.1000023
38.508 , 0.1000023
38.509 , 0.06999969
38.511 , 0.04999924
38.512 , 0.04999924
38.513 , 0.06000137
38.515 , 0.06000137
38.516 , 0.09000015
38.518 , 0.06999969
38.519 , 0.05000305
38.52 , 0.05000305
38.522 , 0.05000305
38.523 , 0.06000137
38.524 , 0.06000137
38.526 , 0.06999969
38.527 , 0.06999969
38.529 , 0.04000092
38.53 , 0.04000092
38.531 , 0.04000092
38.533 , 0.09000015
38.534 , 0.02000046
38.535 , 0.02000046
38.537 , 0.03000259
38.538 , -0.009998322
38.54 , 0.04000092
38.541 , 0.04000092
38.542 , 0.04000092
38.544 , 0.05000305
38.545 , 0.05000305
38.547 , 0.02000046
38.548 , 0.06000137
38.549 , 0.009998322
38.551 , 0.009998322
38.552 , 0.009998322
38.554 , -0.02999878
38.555 , -0.02999878
38.557 , -0.02000046
38.558 , -0.04000092
38.559 , -0.009998322
38.561 , -0.009998322
38.562 , -0.009998322
38.564 , 0.0
38.565 , -0.02000046
38.567 , 0.01000214
38.568 , -0.009998322
38.569 , 0.0
38.571 , 0.0
38.572 , 0.0
38.573 , 0.01000214
38.574 , -0.01999664
38.576 , -0.009998322
38.577 , -0.04999924
38.578 , -0.04999924
38.58 , 0.02999878
38.581 , 0.0
38.582 , 0.0
38.584 , 0.01000214
38.585 , 0.01000214
38.586 , 0.02000046
38.588 , -0.02000046
38.589 , -0.05000305
38.59 , -0.009998322
38.592 , -0.009998322
38.593 , -0.03000259
38.595 , 0.0
38.596 , -0.02000046
38.597 , -0.02000046
38.599 , -0.02000046
38.6 , -0.01000214
38.602 , -0.04999924
38.603 , 0.0
38.604 , 0.03000259
38.605 , 0.0
38.607 , -0.02999878
38.608 , 0.009998322
38.61 , -0.02000046
38.611 , -0.02000046
38.612 , -0.02000046
38.614 , -0.02999878
38.615 , -0.02999878
38.617 , 0.0
38.618 , 0.0
38.619 , -0.02000046
38.62 , 0.01000214
38.622 , 0.01000214
38.623 , 0.0
38.624 , 0.02000046
38.625 , 0.0
38.626 , 0.01000214
38.628 , 0.01000214
38.629 , 0.01000214
38.63 , -0.009998322
38.632 , -0.009998322
38.634 , -0.04000092
38.635 , 0.0
38.636 , -0.02999878
38.638 , -0.02999878
38.639 , -0.02999878
38.64 , -0.05000305
38.642 , -0.02000046
38.643 , -0.009998322
38.645 , -0.009998322
38.646 , -0.03000259
38.648 , -0.03000259
38.649 , -0.03000259
38.65 , -0.05999756
38.652 , -0.02000046
38.653 , -0.01000214
38.654 , -0.04999924
38.656 , -0.0399971
38.657 , -0.0399971
38.659 , -0.05999756
38.66 , -0.08000183
38.661 , -0.02999878
38.663 , -0.02000046
38.664 , -0.07000351
38.666 , -0.009998322
38.667 , -0.06000137
38.669 , -0.06000137
38.67 , 0.0
38.671 , -0.09000015
38.673 , -0.07999802
38.674 , -0.07999802
38.675 , -0.07999802
38.677 , -0.06999969
38.678 , -0.06999969
38.68 , -0.09000015
38.681 , -0.05999756
38.683 , -0.01000214
38.684 , -0.08000183
38.685 , -0.04999924
38.687 , -0.0399971
38.688 , -0.06999969
38.69 , -0.06000137
38.691 , -0.02999878
38.692 , -0.09999847
38.694 , -0.09000015
38.695 , -0.1100006
38.696 , -0.09000015
38.698 , -0.07999802
38.699 , -0.09999847
38.701 , -0.06999969
38.702 , -0.06999969
38.704 , -0.05999756
38.705 , -0.07999802
38.706 , -0.07999802
38.708 , -0.06999969
38.709 , -0.1199989
38.71 , -0.05999756
38.712 , -0.1099968
38.713 , -0.09999847
38.715 , -0.09999847
38.716 , -0.09999847
38.717 , -0.1400032
38.719 , -0.1100006
38.72 , -0.09999847
38.721 , -0.09999847
38.723 , -0.09000015
38.724 , -0.06999969
38.725 , -0.09000015
38.727 , -0.07999802
38.728 , -0.07999802
38.73 , -0.06999969
38.731 , -0.1000023
38.732 , -0.1000023
38.733 , -0.1299973
38.735 , -0.1299973
38.736 , -0.1299973
38.737 , -0.1199989
38.738 , -0.1199989
38.74 , -0.1299973
38.741 , -0.1099968
38.742 , -0.1099968
38.743 , -0.09999847
38.745 , -0.09999847
38.746 , -0.09999847
38.747 , -0.1100006
38.749 , -0.1100006
38.75 , -0.09999847
38.751 , -0.09999847
38.753 , -0.09999847
38.754 , -0.09000015
38.755 , -0.1599998
38.757 , -0.1299973
38.758 , -0.1299973
38.759 , -0.1299973
38.76 , -0.1399994
38.762 , -0.1399994
38.763 , -0.170002
38.764 , -0.1099968
38.765 , -0.1299973
38.767 , -0.1199989
38.768 , -0.1199989
38.769 , -0.1199989
38.77 , -0.1399994
38.771 , -0.1399994
38.773 , -0.1399994
38.774 , -0.1899986
38.775 , -0.1699982
38.776 , -0.1699982
38.777 , -0.1599998
38.779 , -0.1599998
38.78 , -0.1699982
38.781 , -0.1699982
38.782 , -0.1699982
38.784 , -0.1399994
38.785 , -0.2100029
38.786 , -0.1599998
38.787 , -0.2000008
38.789 , -0.1499977
38.79 , -0.1399994
38.791 , -0.1399994
38.792 , -0.1900024
38.793 , -0.2099991
38.795 , -0.1999969
38.796 , -0.1800003
38.797 , -0.1899986
38.798 , -0.1899986
38.799 , -0.1899986
38.801 , -0.1800003
38.802 , -0.1600037
38.803 , -0.1800003
38.804 , -0.1699982
38.805 , -0.1500015
38.807 , -0.1599998
38.808 , -0.2299995
38.809 , -0.1900024
38.81 , -0.1800003
38.811 , -0.1499977
38.813 , -0.2199974
38.814 , -0.170002
38.815 , -0.2099991
38.816 , -0.2099991
38.817 , -0.1999969
38.819 , -0.1999969
38.82 , -0.1899986
38.821 , -0.2099991
38.822 , -0.2099991
38.824 , -0.1799965
38.825 , -0.1799965
38.826 , -0.1399994
38.827 , -0.1699982
38.828 , -0.1899986
38.83 , -0.1899986
38.831 , -0.1800003
38.832 , -0.2300034
38.833 , -0.1800003
38.834 , -0.2200012
38.836 , -0.2200012
38.837 , -0.2100029
38.838 , -0.1599998
38.839 , -0.2100029
38.84 , -0.2299995
38.841 , -0.2000008
38.843 , -0.1499977
38.844 , -0.1900024
38.845 , -0.1900024
38.846 , -0.2099991
38.847 , -0.1800003
38.848 , -0.1800003
38.85 , -0.1800003
38.851 , -0.1899986
38.852 , -0.170002
38.853 , -0.1899986
38.854 , -0.2299995
38.856 , -0.1799965
38.857 , -0.2200012
38.858 , -0.2200012
38.859 , -0.1699982
38.86 , -0.1699982
38.862 , -0.1599998
38.863 , -0.2100029
38.864 , -0.1499977
38.865 , -0.1499977
38.866 , -0.2000008
38.868 , -0.1900024
38.869 , -0.1900024
38.87 , -0.2100029
38.871 , -0.1800003
38.872 , -0.2000008
38.874 , -0.2200012
38.875 , -0.1900024
38.876 , -0.2200012
38.877 , -0.1800003
38.878 , -0.2099991
38.88 , -0.2099991
38.881 , -0.170002
38.882 , -0.170002
38.883 , -0.2000008
38.884 , -0.1400032
38.885 , -0.1600037
38.887 , -0.1500015
38.888 , -0.1300011
38.889 , -0.1500015
38.89 , -0.1500015
38.891 , -0.170002
38.893 , -0.2100029
38.894 , -0.2000008
38.895 , -0.2199974
38.896 , -0.2000008
38.897 , -0.2099991
38.899 , -0.2099991
38.9 , -0.1900024
38.901 , -0.1800003
38.902 , -0.1800003
38.903 , -0.1399994
38.904 , -0.1899986
38.906 , -0.170002
38.907 , -0.1899986
38.908 , -0.1799965
38.909 , -0.2299995
38.911 , -0.2200012
38.912 , -0.2200012
38.913 , -0.2200012
38.914 , -0.2100029
38.915 , -0.2100029
38.916 , -0.2100029
38.918 , -0.1499977
38.919 , -0.2200012
38.92 , -0.2000008
38.921 , -0.2100029
38.922 , -0.1900024
38.923 , -0.2100029
38.925 , -0.1800003
38.926 , -0.1800003
38.927 , -0.2000008
38.928 , -0.1900024
38.929 , -0.1900024
38.93 , -0.1900024
38.932 , -0.2099991
38.933 , -0.2099991
38.934 , -0.2000008
38.935 , -0.170002
38.936 , -0.2000008
38.938 , -0.1899986
38.939 , -0.1599998
38.94 , -0.1899986
38.941 , -0.1500015
38.943 , -0.1800003
38.944 , -0.170002
38.945 , -0.2100029
38.946 , -0.170002
38.947 , -0.2100029
38.949 , -0.1599998
38.95 , -0.2000008
38.951 , -0.1900024
38.952 , -0.2600021
38.953 , -0.1900024
38.954 , -0.2000008
38.956 , -0.2000008
38.957 , -0.1800003
38.958 , -0.1900024
38.959 , -0.170002
38.96 , -0.1900024
38.961 , -0.1599998
38.963 , -0.1800003
38.964 , -0.170002
38.965 , -0.170002
38.966 , -0.170002
38.967 , -0.170002
38.969 , -0.1600037
38.97 , -0.2300034
38.971 , -0.2200012
38.972 , -0.2200012
38.973 , -0.2700005
38.975 , -0.2100029
38.976 , -0.2100029
38.977 , -0.2600021
38.978 , -0.2000008
38.979 , -0.25
38.98 , -0.2000008
38.982 , -0.2400017
38.983 , -0.1900024
38.984 , -0.1900024
38.985 , -0.1800003
38.986 , -0.2299995
38.987 , -0.2299995
38.989 , -0.2200012
38.99 , -0.2400017
38.991 , -0.2099991
38.992 , -0.2299995
38.993 , -0.2299995
38.995 , -0.2200012
38.996 , -0.2000008
38.997 , -0.2200012
38.998 , -0.2300034
38.999 , -0.2100029
39.001 , -0.2200012
39.002 , -0.2200012
39.003 , -0.1800003
39.004 , -0.2200012
39.005 , -0.1900024
39.006 , -0.2100029
39.008 , -0.1800003
39.009 , -0.1800003
39.01 , -0.25
39.011 , -0.1900024
39.012 , -0.1900024
39.013 , -0.2400017
39.014 , -0.2400017
39.016 , -0.2299995
39.017 , -0.2299995
39.018 , -0.170002
39.019 , -0.170002
39.02 , -0.2200012
39.022 , -0.1599998
39.023 , -0.1599998
39.024 , -0.2099991
39.025 , -0.1500015
39.026 , -0.2000008
39.028 , -0.1900024
39.029 , -0.1400032
39.03 , -0.1900024
39.031 , -0.1800003
39.032 , -0.1300011
39.033 , -0.1800003
39.035 , -0.170002
39.036 , -0.170002
39.037 , -0.170002
39.038 , -0.1800003
39.039 , -0.1599998
39.04 , -0.1599998
39.042 , -0.1500015
39.043 , -0.1000023
39.044 , -0.08000183
39.045 , -0.06999969
39.047 , -0.09000015
39.048 , -0.08000183
39.05 , -0.06000137
39.051 , -0.05000305
39.052 , -0.05000305
39.054 , -0.05000305
39.055 , -0.02000046
39.056 , -0.02000046
39.058 , 0.0399971
39.059 , 0.0399971
39.061 , -0.01000214
39.062 , 0.1199989
39.063 , 0.1199989
39.064 , 0.1199989
39.066 , 0.1499977
39.067 , 0.1499977
39.068 , 0.1599998
39.069 , 0.1399994
39.07 , 0.2000008
39.072 , 0.1699982
39.073 , 0.1699982
39.074 , 0.1499977
39.075 , 0.1800003
39.076 , 0.25
39.077 , 0.2200012
39.079 , 0.2299995
39.08 , 0.2599983
39.081 , 0.2599983
39.082 , 0.2699966
39.083 , 0.2899971
39.085 , 0.2799988
39.086 , 0.2799988
39.087 , 0.3500023
39.088 , 0.2899971
39.089 , 0.2899971
39.091 , 0.3099976
39.092 , 0.3199997
39.093 , 0.3700027
39.094 , 0.3199997
39.095 , 0.3800011
39.105 , 0.4100037
39.106 , 0.4300003
39.107 , 0.4100037
39.108 , 0.3699989
39.109 , 0.420002
39.111 , 0.420002
39.112 , 0.3799973
39.113 , 0.4300003
39.114 , 0.3799973
39.115 , 0.4400024
39.116 , 0.3899994
39.118 , 0.3999977
39.119 , 0.3999977
39.12 , 0.3999977
39.121 , 0.3999977
39.122 , 0.4099998
39.124 , 0.4099998
39.125 , 0.4199982
39.126 , 0.4199982
39.127 , 0.3999977
39.129 , 0.4099998
39.13 , 0.3800011
39.131 , 0.3800011
39.132 , 0.3899994
39.133 , 0.3899994
39.134 , 0.3899994
39.136 , 0.3599968
39.137 , 0.3599968
39.138 , 0.3599968
39.139 , 0.3499985
39.141 , 0.3499985
39.142 , 0.3799973
39.143 , 0.3599968
39.144 , 0.3599968
39.145 , 0.3699989
39.147 , 0.3699989
39.148 , 0.3199997
39.149 , 0.3099976
39.15 , 0.3099976
39.151 , 0.3099976
39.153 , 0.3199997
39.154 , 0.3400002
39.155 , 0.329998
39.156 , 0.329998
39.157 , 0.2599983
39.159 , 0.2700005
39.16 , 0.25
39.161 , 0.2000008
39.162 , 0.2599983
39.163 , 0.2099991
39.165 , 0.1299973
39.166 , 0.1099968
39.167 , 0.1099968
39.168 , 0.05999756
39.17 , 0.0
39.171 , 0.04999924
39.172 , 0.1299973
39.173 , 0.2199974
39.175 , 0.2299995
39.176 , 0.2299995
39.177 , 0.1800003
39.178 , 0.1399994
39.179 , 0.09999847
39.181 , 0.07999802
39.182 , 0.09000015
39.184 , 0.2000008
39.185 , 0.2599983
39.186 , 0.2099991
39.187 , 0.1899986
39.188 , 0.1699982
39.19 , 0.1300011
39.191 , 0.1100006
39.192 , 0.1199989
39.193 , 0.1199989
39.194 , 0.1399994
39.196 , 0.1499977
39.197 , 0.1299973
39.198 , 0.1299973
39.199 , 0.1399994
39.2 , 0.1399994
39.202 , 0.1499977
39.203 , 0.1499977
39.204 , 0.09999847
39.205 , 0.1599998
39.207 , 0.1800003
39.208 , 0.1599998
39.209 , 0.1699982
39.21 , 0.1199989
39.211 , 0.1699982
39.213 , 0.1300011
39.214 , 0.1100006
39.215 , 0.1399994
39.216 , 0.1199989
39.217 , 0.1199989
39.219 , 0.1299973
39.22 , 0.1099968
39.221 , 0.1099968
39.222 , 0.1199989
39.223 , 0.1399994
39.224 , 0.1399994
39.226 , 0.1499977
39.227 , 0.1499977
39.228 , 0.1299973
39.229 , 0.1399994
39.23 , 0.09000015
39.232 , 0.09999847
39.233 , 0.1499977
39.234 , 0.09999847
39.236 , 0.09000015
39.237 , 0.1100006
39.238 , 0.09000015
39.24 , 0.1199989
39.241 , 0.09999847
39.242 , 0.1100006
39.243 , 0.1300011
39.245 , 0.1100006
39.246 , 0.1399994
39.247 , 0.06999969
39.248 , 0.1199989
39.25 , 0.07999802
39.251 , 0.07999802
39.252 , 0.1399994
39.254 , 0.06999969
39.255 , 0.02000046
39.256 , 0.09999847
39.258 , 0.07999802
39.259 , 0.04000092
39.261 , 0.04000092
39.262 , 0.09999847
39.263 , 0.09999847
39.265 , 0.04999924
39.266 , 0.06000137
39.267 , 0.06000137
39.269 , 0.04999924
39.27 , 0.04999924
39.272 , 0.04000092
39.273 , 0.04000092
39.274 , 0.04000092
39.276 , 0.04999924
39.277 , 0.04999924
39.279 , 0.009998322
39.28 , 0.05999756
39.282 , 0.06999969
39.283 , 0.0
39.284 , 0.06999969
39.286 , 0.009998322
39.287 , 0.009998322
39.289 , -0.02999878
39.29 , -0.02999878
39.291 , -0.02999878
39.293 , -0.02000046
39.294 , -0.04000092
39.296 , -0.02999878
39.297 , -0.02999878
39.299 , -0.04000092
39.3 , -0.02000046
39.301 , 0.0
39.303 , -0.03000259
39.304 , -0.01000214
39.305 , -0.01000214
39.307 , 0.0
39.308 , 0.0
39.309 , -0.01000214
39.31 , -0.01000214
39.312 , -0.06000137
39.313 , -0.04999924
39.314 , -0.04999924
39.316 , -0.04000092
39.317 , -0.04000092
39.318 , 0.009998322
39.32 , -0.02999878
39.321 , 0.02000046
39.323 , -0.02000046
39.324 , -0.02000046
39.326 , -0.009998322
39.327 , -0.009998322
39.329 , 0.0
39.33 , -0.02000046
39.331 , -0.06999969
39.332 , -0.02000046
39.334 , -0.06000137
39.335 , -0.06000137
39.337 , -0.04999924
39.338 , 0.0
39.339 , -0.04000092
39.34 , -0.04000092
39.342 , -0.04000092
39.343 , -0.02999878
39.345 , -0.02999878
39.346 , 0.02999878
39.347 , -0.02000046
39.349 , -0.009998322
39.35 , -0.009998322
39.352 , -0.02999878
39.353 , -0.02000046
39.355 , -0.02000046
39.356 , -0.009998322
39.358 , -0.05999756
39.359 , -0.06999969
39.36 , -0.04999924
39.362 , 0.0
39.363 , 0.009998322
39.364 , 0.009998322
39.366 , -0.02999878
39.367 , -0.02999878
39.369 , -0.02000046
39.37 , -0.06000137
39.372 , -0.02000046
39.373 , -0.02999878
39.374 , -0.02999878
39.376 , -0.09000015
39.377 , -0.02000046
39.378 , -0.02000046
39.38 , -0.02999878
39.381 , -0.02999878
39.383 , -0.02000046
39.384 , -0.02000046
39.385 , 0.0
39.387 , -0.01000214
39.388 , -0.01000214
39.389 , -0.01000214
39.391 , -0.04999924
39.392 , 0.0
39.393 , 0.009998322
39.395 , -0.04000092
39.396 , -0.02999878
39.398 , -0.02999878
39.399 , -0.04999924
39.401 , -0.02000046
39.402 , -0.02000046
39.403 , -0.009998322
39.405 , -0.009998322
39.406 , -0.02000046
39.408 , -0.02000046
39.409 , -0.02000046
39.41 , -0.009998322
39.412 , -0.009998322
39.413 , -0.04999924
39.415 , -0.06999969
39.416 , -0.04000092
39.418 , -0.04000092
39.419 , -0.06000137
39.42 , -0.04999924
39.422 , -0.04999924
39.423 , -0.04000092
39.425 , -0.04000092
39.426 , -0.02999878
39.427 , -0.02999878
39.429 , -0.02999878
39.43 , -0.02000046
39.432 , -0.04000092
39.433 , -0.07999802
39.434 , -0.07999802
39.436 , -0.02000046
39.437 , -0.02000046
39.439 , -0.06999969
39.44 , -0.05999756
39.441 , -0.05999756
39.443 , -0.04999924
39.444 , -0.04999924
39.446 , -0.04000092
39.447 , -0.06000137
39.448 , -0.04000092
39.45 , -0.04999924
39.451 , -0.09999847
39.453 , -0.09000015
39.454 , -0.04000092
39.455 , -0.09000015
39.457 , -0.07999802
39.458 , -0.09999847
39.46 , -0.06999969
39.461 , -0.02000046
39.462 , -0.06999969
39.464 , -0.05999756
39.465 , -0.07999802
39.467 , -0.06999969
39.468 , -0.06999969
39.47 , -0.06000137
39.471 , -0.08000183
39.472 , -0.08000183
39.474 , -0.06999969
39.475 , -0.06999969
39.477 , -0.06000137
39.478 , -0.06000137
39.479 , -0.06000137
39.481 , -0.09999847
39.482 , -0.04999924
39.484 , -0.09000015
39.485 , -0.09000015
39.486 , -0.09000015
39.488 , -0.02999878
39.489 , -0.09999847
39.491 , -0.06999969
39.492 , -0.1399994
39.493 , -0.1299973
39.494 , -0.1299973
39.496 , -0.1299973
39.497 , -0.1399994
39.498 , -0.1399994
39.499 , -0.1199989
39.501 , -0.1300011
39.502 , -0.1800003
39.503 , -0.1199989
39.504 , -0.1199989
39.505 , -0.1699982
39.506 , -0.1699982
39.508 , -0.1599998
39.509 , -0.1100006
39.51 , -0.1499977
39.511 , -0.1499977
39.512 , -0.1499977
39.514 , -0.1399994
39.515 , -0.1599998
39.516 , -0.1800003
39.517 , -0.1499977
39.519 , -0.1499977
39.52 , -0.1399994
39.521 , -0.1399994
39.522 , -0.1399994
39.523 , -0.1099968
39.525 , -0.1299973
39.526 , -0.1499977
39.527 , -0.1399994
39.528 , -0.1399994
39.529 , -0.1399994
39.531 , -0.1800003
39.532 , -0.1300011
39.533 , -0.1800003
39.534 , -0.1699982
39.535 , -0.1699982
39.537 , -0.1599998
39.538 , -0.1800003
39.539 , -0.1800003
39.54 , -0.1499977
39.541 , -0.1499977
39.543 , -0.1699982
39.544 , -0.2099991
39.545 , -0.1599998
39.546 , -0.1599998
39.548 , -0.1299973
39.549 , -0.1499977
39.55 , -0.1899986
39.551 , -0.1899986
39.552 , -0.1899986
39.554 , -0.1800003
39.555 , -0.1800003
39.556 , -0.1800003
39.557 , -0.1899986
39.558 , -0.1899986
39.56 , -0.1800003
39.561 , -0.1599998
39.562 , -0.1599998
39.563 , -0.1800003
39.564 , -0.1899986
39.566 , -0.1499977
39.567 , -0.1800003
39.568 , -0.1800003
39.569 , -0.1599998
39.57 , -0.1699982
39.572 , -0.1699982
39.573 , -0.1699982
39.574 , -0.2099991
39.575 , -0.1599998
39.576 , -0.2099991
39.578 , -0.1999969
39.579 , -0.1499977
39.58 , -0.1899986
39.581 , -0.1899986
39.583 , -0.1399994
39.584 , -0.1800003
39.585 , -0.1800003
39.586 , -0.2000008
39.587 , -0.1699982
39.589 , -0.1699982
39.59 , -0.1599998
39.591 , -0.1800003
39.592 , -0.1800003
39.593 , -0.1800003
39.595 , -0.2199974
39.596 , -0.1499977
39.597 , -0.1599998
39.598 , -0.1399994
39.599 , -0.1599998
39.601 , -0.1499977
39.602 , -0.1299973
39.603 , -0.1299973
39.604 , -0.1199989
39.605 , -0.1399994
39.607 , -0.1099968
39.608 , -0.1099968
39.609 , -0.1299973
39.61 , -0.1299973
39.611 , -0.1699982
39.613 , -0.1699982
39.614 , -0.1599998
39.615 , -0.1599998
39.616 , -0.1599998
39.618 , -0.1499977
39.619 , -0.1699982
39.62 , -0.1499977
39.621 , -0.1399994
39.623 , -0.1399994
39.624 , -0.1299973
39.625 , -0.1299973
39.626 , -0.1499977
39.627 , -0.1399994
39.629 , -0.1399994
39.63 , -0.1399994
39.631 , -0.1299973
39.632 , -0.1299973
39.633 , -0.1299973
39.635 , -0.1399994
39.636 , -0.1399994
39.637 , -0.1800003
39.638 , -0.1100006
39.639 , -0.1100006
39.641 , -0.1199989
39.642 , -0.1699982
39.643 , -0.1699982
39.644 , -0.1100006
39.645 , -0.09000015
39.647 , -0.1499977
39.648 , -0.09999847
39.649 , -0.09999847
39.651 , -0.09000015
39.652 , -0.1599998
39.653 , -0.1399994
39.655 , -0.1299973
39.656 , -0.1299973
39.657 , -0.1399994
39.658 , -0.1199989
39.66 , -0.1399994
39.661 , -0.1299973
39.662 , -0.1299973
39.663 , -0.1799965
39.665 , -0.1199989
39.666 , -0.1199989
39.667 , -0.1599998
39.668 , -0.1100006
39.669 , -0.1800003
39.671 , -0.1699982
39.672 , -0.1499977
39.673 , -0.2200012
39.674 , -0.1599998
39.675 , -0.1599998
39.677 , -0.1499977
39.678 , -0.2000008
39.679 , -0.1499977
39.68 , -0.2399979
39.681 , -0.1399994
39.683 , -0.1399994
39.684 , -0.1800003
39.685 , -0.1800003
39.686 , -0.1800003
39.687 , -0.1299973
39.689 , -0.1199989
39.69 , -0.170002
39.691 , -0.1599998
39.692 , -0.1999969
39.693 , -0.1999969
39.695 , -0.1899986
39.696 , -0.1899986
39.697 , -0.1899986
39.698 , -0.1800003
39.7 , -0.1800003
39.701 , -0.1699982
39.702 , -0.1699982
39.703 , -0.1699982
39.704 , -0.1800003
39.706 , -0.1599998
39.707 , -0.2299995
39.708 , -0.1499977
39.709 , -0.1499977
39.71 , -0.1699982
39.712 , -0.1599998
39.713 , -0.1599998
39.714 , -0.1999969
39.715 , -0.1499977
39.716 , -0.1999969
39.718 , -0.2099991
39.719 , -0.1899986
39.72 , -0.2099991
39.721 , -0.1800003
39.723 , -0.2000008
39.724 , -0.1699982
39.725 , -0.1899986
39.726 , -0.1699982
39.727 , -0.1899986
39.729 , -0.2299995
39.73 , -0.2299995
39.731 , -0.1699982
39.732 , -0.1699982
39.734 , -0.2099991
39.735 , -0.2099991
39.736 , -0.2099991
39.737 , -0.2299995
39.738 , -0.1999969
39.74 , -0.1999969
39.741 , -0.1399994
39.742 , -0.2099991
39.743 , -0.1899986
39.744 , -0.1799965
39.746 , -0.1999969
39.747 , -0.2199974
39.748 , -0.1699982
39.749 , -0.1899986
39.751 , -0.1800003
39.752 , -0.1800003
39.753 , -0.1800003
39.754 , -0.1699982
39.755 , -0.1899986
39.757 , -0.1899986
39.758 , -0.1800003
39.759 , -0.2299995
39.76 , -0.1800003
39.761 , -0.2199974
39.763 , -0.1499977
39.764 , -0.2099991
39.765 , -0.1599998
39.766 , -0.1599998
39.768 , -0.1999969
39.769 , -0.1499977
39.77 , -0.1999969
39.771 , -0.1899986
39.772 , -0.2099991
39.774 , -0.2099991
39.775 , -0.25
39.776 , -0.1999969
39.777 , -0.25
39.778 , -0.1199989
39.78 , -0.2400017
39.781 , -0.1599998
39.782 , -0.1800003
39.783 , -0.1599998
39.784 , -0.1599998
39.786 , -0.1499977
39.787 , -0.1699982
39.788 , -0.1399994
39.789 , -0.2100029
39.791 , -0.2000008
39.792 , -0.2000008
39.793 , -0.1499977
39.794 , -0.2000008
39.795 , -0.1900024
39.797 , -0.1900024
39.798 , -0.1800003
39.799 , -0.1800003
39.8 , -0.1800003
39.801 , -0.1899986
39.803 , -0.1899986
39.804 , -0.170002
39.805 , -0.1600037
39.806 , -0.1600037
39.807 , -0.1800003
39.808 , -0.1699982
39.81 , -0.1500015
39.811 , -0.1599998
39.812 , -0.1599998
39.813 , -0.2100029
39.814 , -0.2100029
39.816 , -0.1499977
39.817 , -0.1499977
39.826 , -0.1000023
39.827 , -0.04999924
39.829 , -0.09000015
39.83 , -0.0399971
39.831 , -0.09999847
39.833 , -0.08000183
39.834 , -0.02999878
39.836 , -0.02000046
39.837 , -0.02000046
39.838 , 0.01000214
39.84 , 0.01000214
39.841 , 0.02000046
39.842 , 0.09000015
39.844 , 0.06999969
39.845 , 0.1200027
39.846 , 0.08000183
39.848 , 0.1100006
39.849 , 0.1100006
39.85 , 0.1300011
39.851 , 0.1100006
39.852 , 0.1200027
39.854 , 0.1200027
39.855 , 0.2000008
39.856 , 0.1500015
39.857 , 0.1500015
39.858 , 0.2100029
39.859 , 0.2300034
39.861 , 0.2100029
39.862 , 0.2400017
39.863 , 0.2400017
39.864 , 0.2400017
39.865 , 0.2999992
39.867 , 0.25
39.868 , 0.3100014
39.869 , 0.2600021
39.87 , 0.2600021
39.871 , 0.3100014
39.872 , 0.3199997
39.874 , 0.3199997
39.875 , 0.3300018
39.876 , 0.3300018
39.877 , 0.3300018
39.878 , 0.3600006
39.88 , 0.3999977
39.881 , 0.3600006
39.882 , 0.4099998
39.883 , 0.4099998
39.884 , 0.3700027
39.886 , 0.4199982
39.887 , 0.3800011
39.888 , 0.3899994
39.889 , 0.3699989
39.891 , 0.3899994
39.892 , 0.3800011
39.893 , 0.3800011
39.894 , 0.3800011
39.895 , 0.4099998
39.897 , 0.4099998
39.898 , 0.4000015
39.899 , 0.4000015
39.9 , 0.420002
39.901 , 0.3500023
39.902 , 0.4099998
39.904 , 0.4099998
39.905 , 0.420002
39.906 , 0.420002
39.907 , 0.3700027
39.908 , 0.3800011
39.91 , 0.3800011
39.911 , 0.3600006
39.912 , 0.3700027
39.913 , 0.3700027
39.914 , 0.3700027
39.915 , 0.3300018
39.917 , 0.3300018
39.918 , 0.3199997
39.919 , 0.3400002
39.92 , 0.3400002
39.921 , 0.3400002
39.923 , 0.3300018
39.924 , 0.3100014
39.925 , 0.3600006
39.926 , 0.3400002
39.927 , 0.3400002
39.928 , 0.3600006
39.93 , 0.2800026
39.931 , 0.2800026
39.932 , 0.2700005
39.933 , 0.2199974
39.934 , 0.2000008
39.935 , 0.2100029
39.937 , 0.1200027
39.938 , 0.05000305
39.939 , -0.01000214
39.941 , -0.08000183
39.942 , -0.08999634
39.943 , -0.08999634
39.945 , 0.009998322
39.946 , 0.09999847
39.948 , 0.2400017
39.949 , 0.2699966
39.95 , 0.25
39.951 , 0.1999969
39.952 , 0.1199989
39.954 , 0.1000023
39.955 , 0.05999756
39.956 , 0.1100006
39.957 , 0.1100006
39.959 , 0.06999969
39.96 , 0.04999924
39.961 , 0.03000259
39.963 , 0.04000092
39.964 , 0.04000092
39.966 , 0.06999969
39.967 , 0.1400032
39.968 , 0.1400032
39.969 , 0.1500015
39.971 , 0.09999847
39.972 , 0.08999634
39.973 , 0.1099968
39.975 , 0.1199989
39.976 , 0.09999847
39.977 , 0.1199989
39.978 , 0.1199989
39.98 , 0.1099968
39.981 , 0.09000015
39.982 , 0.1000023
39.984 , 0.04999924
39.985 , 0.05999756
39.986 , 0.1100006
39.987 , 0.1100006
39.989 , 0.1200027
39.99 , 0.1200027
39.991 , 0.06999969
39.992 , 0.1300011
39.994 , 0.07999802
39.995 , 0.09000015
39.996 , 0.07000351
39.998 , 0.07000351
39.999 , 0.09999847
40.001 , 0.09999847
40.002 , 0.1099968
40.003 , 0.1099968
40.004 , 0.09000015
40.006 , 0.1000023
40.007 , 0.1000023
40.008 , 0.1199989
40.009 , 0.05999756
40.011 , 0.0399971
40.012 , 0.06999969
40.013 , 0.06999969
40.015 , 0.06999969
40.016 , 0.07999802
40.018 , 0.05999756
40.019 , 0.06999969
40.02 , 0.06999969
40.022 , 0.09999847
40.023 , 0.07999802
40.025 , 0.06000137